CSA,CBSA,MDIV,STCOU,NAME,LSAD,ESTIMATESBASE2020,POPESTIMATE2020,POPESTIMATE2021,POPESTIMATE2022,NPOPCHG2020,NPOPCHG2021,NPOPCHG2022
104,,,,"Albany-Schenectady, NY",Combined Statistical Area,1190705,1190588,1196822,1194635,-117,6234,-2187
104,10580,,,"Albany-Schenectady-Troy, NY",Metropolitan Statistical Area,899251,899748,905369,904617,497,5621,-752
104,10580,,36001,"Albany County, NY",County or equivalent,314838,313987,316301,315811,-851,2314,-490
104,10580,,36083,"Rensselaer County, NY",County or equivalent,161138,160900,160740,159853,-238,-160,-887
104,10580,,36091,"Saratoga County, NY",County or equivalent,235499,235794,237962,238797,295,2168,835
104,10580,,36093,"Schenectady County, NY",County or equivalent,158058,159315,160214,160093,1257,899,-121
104,10580,,36095,"Schoharie County, NY",County or equivalent,29718,29752,30152,30063,34,400,-89
104,11220,,,"Amsterdam, NY",Micropolitan Statistical Area,49526,49485,49611,49623,-41,126,12
104,11220,,36057,"Montgomery County, NY",County or equivalent,49526,49485,49611,49623,-41,126,12
104,24020,,,"Glens Falls, NY",Metropolitan Statistical Area,127039,126820,126748,126440,-219,-72,-308
104,24020,,36113,"Warren County, NY",County or equivalent,65737,65618,65773,65599,-119,155,-174
104,24020,,36115,"Washington County, NY",County or equivalent,61302,61202,60975,60841,-100,-227,-134
104,24100,,,"Gloversville, NY",Micropolitan Statistical Area,53322,53132,53055,52669,-190,-77,-386
104,24100,,36035,"Fulton County, NY",County or equivalent,53322,53132,53055,52669,-190,-77,-386
104,26460,,,"Hudson, NY",Micropolitan Statistical Area,61567,61403,62039,61286,-164,636,-753
104,26460,,36021,"Columbia County, NY",County or equivalent,61567,61403,62039,61286,-164,636,-753
106,,,,"Albuquerque-Santa Fe-Las Vegas, NM",Combined Statistical Area,1162505,1163548,1165333,1165564,1043,1785,231
106,10740,,,"Albuquerque, NM",Metropolitan Statistical Area,916517,917502,918970,919543,985,1468,573
106,10740,,35001,"Bernalillo County, NM",County or equivalent,676438,676803,674980,672508,365,-1823,-2472
106,10740,,35043,"Sandoval County, NM",County or equivalent,148829,149276,151439,153501,447,2163,2062
106,10740,,35057,"Torrance County, NM",County or equivalent,15045,15054,15318,15454,9,264,136
106,10740,,35061,"Valencia County, NM",County or equivalent,76205,76369,77233,78080,164,864,847
106,21580,,,"Española, NM",Micropolitan Statistical Area,40359,40269,40249,40048,-90,-20,-201
106,21580,,35039,"Rio Arriba County, NM",County or equivalent,40359,40269,40249,40048,-90,-20,-201
106,29780,,,"Las Vegas, NM",Micropolitan Statistical Area,31388,31321,31370,31122,-67,49,-248
106,29780,,35033,"Mora County, NM",County or equivalent,4185,4192,4203,4169,7,11,-34
106,29780,,35047,"San Miguel County, NM",County or equivalent,27203,27129,27167,26953,-74,38,-214
106,31060,,,"Los Alamos, NM",Micropolitan Statistical Area,19418,19415,19340,19187,-3,-75,-153
106,31060,,35028,"Los Alamos County, NM",County or equivalent,19418,19415,19340,19187,-3,-75,-153
106,42140,,,"Santa Fe, NM",Metropolitan Statistical Area,154823,155041,155404,155664,218,363,260
106,42140,,35049,"Santa Fe County, NM",County or equivalent,154823,155041,155404,155664,218,363,260
107,,,,"Altoona-Huntingdon, PA",Combined Statistical Area,166914,166698,166118,164313,-216,-580,-1805
107,11020,,,"Altoona, PA",Metropolitan Statistical Area,122820,122651,122181,121032,-169,-470,-1149
107,11020,,42013,"Blair County, PA",County or equivalent,122820,122651,122181,121032,-169,-470,-1149
107,26500,,,"Huntingdon, PA",Micropolitan Statistical Area,44094,44047,43937,43281,-47,-110,-656
107,26500,,42061,"Huntingdon County, PA",County or equivalent,44094,44047,43937,43281,-47,-110,-656
108,,,,"Amarillo-Pampa-Borger, TX",Combined Statistical Area,311363,311606,312147,313204,243,541,1057
108,11100,,,"Amarillo, TX",Metropolitan Statistical Area,268692,269018,269853,271171,326,835,1318
108,11100,,48011,"Armstrong County, TX",County or equivalent,1846,1849,1838,1850,3,-11,12
108,11100,,48065,"Carson County, TX",County or equivalent,5799,5791,5708,5784,-8,-83,76
108,11100,,48359,"Oldham County, TX",County or equivalent,1759,1764,1730,1752,5,-34,22
108,11100,,48375,"Potter County, TX",County or equivalent,118527,118272,116538,115645,-255,-1734,-893
108,11100,,48381,"Randall County, TX",County or equivalent,140761,141342,144039,146140,581,2697,2101
108,14420,,,"Borger, TX",Micropolitan Statistical Area,20614,20568,20411,20215,-46,-157,-196
108,14420,,48233,"Hutchinson County, TX",County or equivalent,20614,20568,20411,20215,-46,-157,-196
108,37420,,,"Pampa, TX",Micropolitan Statistical Area,22057,22020,21883,21818,-37,-137,-65
108,37420,,48179,"Gray County, TX",County or equivalent,21229,21198,21085,21015,-31,-113,-70
108,37420,,48393,"Roberts County, TX",County or equivalent,828,822,798,803,-6,-24,5
118,,,,"Appleton-Oshkosh-Neenah, WI",Combined Statistical Area,414877,415223,414450,415563,346,-773,1113
118,11540,,,"Appleton, WI",Metropolitan Statistical Area,243143,243423,243896,244845,280,473,949
118,11540,,55015,"Calumet County, WI",County or equivalent,52433,52462,52587,52718,29,125,131
118,11540,,55087,"Outagamie County, WI",County or equivalent,190710,190961,191309,192127,251,348,818
118,36780,,,"Oshkosh-Neenah, WI",Metropolitan Statistical Area,171734,171800,170554,170718,66,-1246,164
118,36780,,55139,"Winnebago County, WI",County or equivalent,171734,171800,170554,170718,66,-1246,164
120,,,,"Asheville-Marion-Brevard, NC",Combined Statistical Area,546577,547312,550697,554180,735,3385,3483
120,11700,,,"Asheville, NC",Metropolitan Statistical Area,469014,469686,472856,476072,672,3170,3216
120,11700,,37021,"Buncombe County, NC",County or equivalent,269446,269694,271719,273589,248,2025,1870
120,11700,,37087,"Haywood County, NC",County or equivalent,62097,62223,62504,62609,126,281,105
120,11700,,37089,"Henderson County, NC",County or equivalent,116279,116541,116988,118106,262,447,1118
120,11700,,37115,"Madison County, NC",County or equivalent,21192,21228,21645,21768,36,417,123
120,14820,,,"Brevard, NC",Micropolitan Statistical Area,32986,33046,33255,33355,60,209,100
120,14820,,37175,"Transylvania County, NC",County or equivalent,32986,33046,33255,33355,60,209,100
120,32000,,,"Marion, NC",Micropolitan Statistical Area,44577,44580,44586,44753,3,6,167
120,32000,,37111,"McDowell County, NC",County or equivalent,44577,44580,44586,44753,3,6,167
122,,,,"Atlanta--Athens-Clarke County--Sandy Springs, GA-AL",Combined Statistical Area,6930402,6945576,6996017,7088898,15174,50441,92881
122,12020,,,"Athens-Clarke County, GA",Metropolitan Statistical Area,215417,215699,218235,220405,282,2536,2170
122,12020,,13059,"Clarke County, GA",County or equivalent,128671,128550,129185,129875,-121,635,690
122,12020,,13195,"Madison County, GA",County or equivalent,30123,30269,30883,31473,146,614,590
122,12020,,13219,"Oconee County, GA",County or equivalent,41799,42013,43025,43588,214,1012,563
122,12020,,13221,"Oglethorpe County, GA",County or equivalent,14824,14867,15142,15469,43,275,327
122,12060,,,"Atlanta-Sandy Springs-Alpharetta, GA",Metropolitan Statistical Area,6089755,6103261,6143138,6222106,13506,39877,78968
122,12060,,13013,"Barrow County, GA",County or equivalent,83507,83975,86672,89299,468,2697,2627
122,12060,,13015,"Bartow County, GA",County or equivalent,108888,109296,110901,112816,408,1605,1915
122,12060,,13035,"Butts County, GA",County or equivalent,25440,25551,26114,26649,111,563,535
122,12060,,13045,"Carroll County, GA",County or equivalent,119141,119484,121592,124592,343,2108,3000
122,12060,,13057,"Cherokee County, GA",County or equivalent,266625,268175,274839,281278,1550,6664,6439
122,12060,,13063,"Clayton County, GA",County or equivalent,297608,297623,297318,296564,15,-305,-754
122,12060,,13067,"Cobb County, GA",County or equivalent,766160,766374,766691,771952,214,317,5261
122,12060,,13077,"Coweta County, GA",County or equivalent,146154,146725,149925,152882,571,3200,2957
122,12060,,13085,"Dawson County, GA",County or equivalent,26796,27056,28475,30138,260,1419,1663
122,12060,,13089,"DeKalb County, GA",County or equivalent,764386,764420,759231,762820,34,-5189,3589
122,12060,,13097,"Douglas County, GA",County or equivalent,144227,144552,145628,147316,325,1076,1688
122,12060,,13113,"Fayette County, GA",County or equivalent,119186,119483,120681,122030,297,1198,1349
122,12060,,13117,"Forsyth County, GA",County or equivalent,251283,252878,260721,267237,1595,7843,6516
122,12060,,13121,"Fulton County, GA",County or equivalent,1066702,1069370,1062531,1074634,2668,-6839,12103
122,12060,,13135,"Gwinnett County, GA",County or equivalent,957027,958005,965145,975353,978,7140,10208
122,12060,,13143,"Haralson County, GA",County or equivalent,29920,30037,30579,31337,117,542,758
122,12060,,13149,"Heard County, GA",County or equivalent,11414,11448,11529,11725,34,81,196
122,12060,,13151,"Henry County, GA",County or equivalent,240719,241848,245023,248364,1129,3175,3341
122,12060,,13159,"Jasper County, GA",County or equivalent,14595,14666,15259,15951,71,593,692
122,12060,,13171,"Lamar County, GA",County or equivalent,18500,18551,18684,19467,51,133,783
122,12060,,13199,"Meriwether County, GA",County or equivalent,20610,20606,20715,20845,-4,109,130
122,12060,,13211,"Morgan County, GA",County or equivalent,20096,20198,20654,21031,102,456,377
122,12060,,13217,"Newton County, GA",County or equivalent,112491,112843,115318,117621,352,2475,2303
122,12060,,13223,"Paulding County, GA",County or equivalent,168660,169570,173921,178421,910,4351,4500
122,12060,,13227,"Pickens County, GA",County or equivalent,33215,33339,33990,34826,124,651,836
122,12060,,13231,"Pike County, GA",County or equivalent,18881,18936,19534,19990,55,598,456
122,12060,,13247,"Rockdale County, GA",County or equivalent,93554,93644,93961,94984,90,317,1023
122,12060,,13255,"Spalding County, GA",County or equivalent,67301,67455,67699,68919,154,244,1220
122,12060,,13297,"Walton County, GA",County or equivalent,96669,97153,99808,103065,484,2655,3257
122,16340,,,"Cedartown, GA",Micropolitan Statistical Area,42854,42923,43332,43709,69,409,377
122,16340,,13233,"Polk County, GA",County or equivalent,42854,42923,43332,43709,69,409,377
122,18460,,,"Cornelia, GA",Micropolitan Statistical Area,46033,46138,46740,47475,105,602,735
122,18460,,13137,"Habersham County, GA",County or equivalent,46033,46138,46740,47475,105,602,735
122,23580,,,"Gainesville, GA",Metropolitan Statistical Area,203166,203735,207393,212692,569,3658,5299
122,23580,,13139,"Hall County, GA",County or equivalent,203166,203735,207393,212692,569,3658,5299
122,27600,,,"Jefferson, GA",Micropolitan Statistical Area,75904,76717,80317,83936,813,3600,3619
122,27600,,13157,"Jackson County, GA",County or equivalent,75904,76717,80317,83936,813,3600,3619
122,29300,,,"LaGrange, GA-AL",Micropolitan Statistical Area,104201,103968,103925,104279,-233,-43,354
122,29300,,1017,"Chambers County, AL",County or equivalent,34774,34645,34446,34088,-129,-199,-358
122,29300,,13285,"Troup County, GA",County or equivalent,69427,69323,69479,70191,-104,156,712
122,40660,,,"Rome, GA",Metropolitan Statistical Area,98586,98575,98499,99443,-11,-76,944
122,40660,,13115,"Floyd County, GA",County or equivalent,98586,98575,98499,99443,-11,-76,944
122,45580,,,"Thomaston, GA",Micropolitan Statistical Area,27699,27740,27673,28086,41,-67,413
122,45580,,13293,"Upson County, GA",County or equivalent,27699,27740,27673,28086,41,-67,413
122,45740,,,"Toccoa, GA",Micropolitan Statistical Area,26787,26820,26765,26767,33,-55,2
122,45740,,13257,"Stephens County, GA",County or equivalent,26787,26820,26765,26767,33,-55,2
140,,,,"Bend-Prineville, OR",Combined Statistical Area,222991,224377,231111,232924,1386,6734,1813
140,13460,,,"Bend, OR",Metropolitan Statistical Area,198256,199454,205358,206549,1198,5904,1191
140,13460,,41017,"Deschutes County, OR",County or equivalent,198256,199454,205358,206549,1198,5904,1191
140,39260,,,"Prineville, OR",Micropolitan Statistical Area,24735,24923,25753,26375,188,830,622
140,39260,,41013,"Crook County, OR",County or equivalent,24735,24923,25753,26375,188,830,622
142,,,,"Birmingham-Hoover-Talladega, AL",Combined Statistical Area,1350650,1351235,1351772,1352565,585,537,793
142,13820,,,"Birmingham-Hoover, AL",Metropolitan Statistical Area,1115299,1116544,1117042,1116857,1245,498,-185
142,13820,,1007,"Bibb County, AL",County or equivalent,22300,22183,22370,22005,-117,187,-365
142,13820,,1009,"Blount County, AL",County or equivalent,59130,59102,59085,59512,-28,-17,427
142,13820,,1021,"Chilton County, AL",County or equivalent,45009,45051,45259,45884,42,208,625
142,13820,,1073,"Jefferson County, AL",County or equivalent,674355,674675,669997,665409,320,-4678,-4588
142,13820,,1115,"St. Clair County, AL",County or equivalent,91471,91652,92903,93932,181,1251,1029
142,13820,,1117,"Shelby County, AL",County or equivalent,223034,223881,227428,230115,847,3547,2687
142,18980,,,"Cullman, AL",Micropolitan Statistical Area,87857,88131,89618,90665,274,1487,1047
142,18980,,1043,"Cullman County, AL",County or equivalent,87857,88131,89618,90665,274,1487,1047
142,27530,,,"Jasper, AL",Micropolitan Statistical Area,65342,65132,64629,64339,-210,-503,-290
142,27530,,1127,"Walker County, AL",County or equivalent,65342,65132,64629,64339,-210,-503,-290
142,45180,,,"Talladega-Sylacauga, AL",Micropolitan Statistical Area,82152,81428,80483,80704,-724,-945,221
142,45180,,1121,"Talladega County, AL",County or equivalent,82152,81428,80483,80704,-724,-945,221
144,,,,"Bloomington-Bedford, IN",Combined Statistical Area,206058,205897,206612,206449,-161,715,-163
144,13260,,,"Bedford, IN",Micropolitan Statistical Area,45015,45012,45045,45222,-3,33,177
144,13260,,18093,"Lawrence County, IN",County or equivalent,45015,45012,45045,45222,-3,33,177
144,14020,,,"Bloomington, IN",Metropolitan Statistical Area,161043,160885,161567,161227,-158,682,-340
144,14020,,18105,"Monroe County, IN",County or equivalent,139717,139571,140135,139745,-146,564,-390
144,14020,,18119,"Owen County, IN",County or equivalent,21326,21314,21432,21482,-12,118,50
145,,,,"Bloomington-Pontiac, IL",Combined Statistical Area,206791,206733,206931,206662,-58,198,-269
145,14010,,,"Bloomington, IL",Metropolitan Statistical Area,170975,170954,171190,171141,-21,236,-49
145,14010,,17113,"McLean County, IL",County or equivalent,170975,170954,171190,171141,-21,236,-49
145,38700,,,"Pontiac, IL",Micropolitan Statistical Area,35816,35779,35741,35521,-37,-38,-220
145,38700,,17105,"Livingston County, IL",County or equivalent,35816,35779,35741,35521,-37,-38,-220
146,,,,"Bloomsburg-Berwick-Sunbury, PA",Combined Statistical Area,256927,256719,256257,255546,-208,-462,-711
146,14100,,,"Bloomsburg-Berwick, PA",Metropolitan Statistical Area,82870,82811,83083,83017,-59,272,-66
146,14100,,42037,"Columbia County, PA",County or equivalent,64725,64682,64980,64926,-43,298,-54
146,14100,,42093,"Montour County, PA",County or equivalent,18145,18129,18103,18091,-16,-26,-12
146,30260,,,"Lewisburg, PA",Micropolitan Statistical Area,42675,42639,42419,42744,-36,-220,325
146,30260,,42119,"Union County, PA",County or equivalent,42675,42639,42419,42744,-36,-220,325
146,42780,,,"Selinsgrove, PA",Micropolitan Statistical Area,39735,39727,39742,39652,-8,15,-90
146,42780,,42109,"Snyder County, PA",County or equivalent,39735,39727,39742,39652,-8,15,-90
146,44980,,,"Sunbury, PA",Micropolitan Statistical Area,91647,91542,91013,90133,-105,-529,-880
146,44980,,42097,"Northumberland County, PA",County or equivalent,91647,91542,91013,90133,-105,-529,-880
147,,,,"Boise City-Mountain Home-Ontario, ID-OR",Combined Statistical Area,850348,856090,884016,899574,5742,27926,15558
147,14260,,,"Boise City, ID",Metropolitan Statistical Area,764723,770188,796989,811336,5465,26801,14347
147,14260,,16001,"Ada County, ID",County or equivalent,494964,498260,512914,518907,3296,14654,5993
147,14260,,16015,"Boise County, ID",County or equivalent,7613,7662,8121,8333,49,459,212
147,14260,,16027,"Canyon County, ID",County or equivalent,231106,232998,243774,251065,1892,10776,7291
147,14260,,16045,"Gem County, ID",County or equivalent,19126,19274,19832,20418,148,558,586
147,14260,,16073,"Owyhee County, ID",County or equivalent,11914,11994,12348,12613,80,354,265
147,34300,,,"Mountain Home, ID",Micropolitan Statistical Area,28665,28669,28941,29403,4,272,462
147,34300,,16039,"Elmore County, ID",County or equivalent,28665,28669,28941,29403,4,272,462
147,36620,,,"Ontario, OR-ID",Micropolitan Statistical Area,56960,57233,58086,58835,273,853,749
147,36620,,16075,"Payette County, ID",County or equivalent,25385,25583,26377,26956,198,794,579
147,36620,,41045,"Malheur County, OR",County or equivalent,31575,31650,31709,31879,75,59,170
148,,,,"Boston-Worcester-Providence, MA-RI-NH-CT",Combined Statistical Area,8466210,8449183,8435794,8434341,-17027,-13389,-1453
148,12700,,,"Barnstable Town, MA",Metropolitan Statistical Area,229004,228856,232594,232457,-148,3738,-137
148,12700,,25001,"Barnstable County, MA",County or equivalent,229004,228856,232594,232457,-148,3738,-137
148,14460,,,"Boston-Cambridge-Newton, MA-NH",Metropolitan Statistical Area,4941657,4930567,4903708,4900550,-11090,-26859,-3158
148,14460,14454,,"Boston, MA",Metropolitan Division,2054760,2047747,2029376,2024981,-7013,-18371,-4395
148,14460,14454,25021,"Norfolk County, MA",County or equivalent,725999,724322,724692,725531,-1677,370,839
148,14460,14454,25023,"Plymouth County, MA",County or equivalent,530820,530154,532919,533069,-666,2765,150
148,14460,14454,25025,"Suffolk County, MA",County or equivalent,797941,793271,771765,766381,-4670,-21506,-5384
148,14460,15764,,"Cambridge-Newton-Framingham, MA",Metropolitan Division,2441820,2437162,2424584,2423870,-4658,-12578,-714
148,14460,15764,25009,"Essex County, MA",County or equivalent,809818,808491,807485,806765,-1327,-1006,-720
148,14460,15764,25017,"Middlesex County, MA",County or equivalent,1632002,1628671,1617099,1617105,-3331,-11572,6
148,14460,40484,,"Rockingham County-Strafford County, NH",Metropolitan Division,445077,445658,449748,451699,581,4090,1951
148,14460,40484,33015,"Rockingham County, NH",County or equivalent,314182,314603,318214,319424,421,3611,1210
148,14460,40484,33017,"Strafford County, NH",County or equivalent,130895,131055,131534,132275,160,479,741
148,18180,,,"Concord, NH",Micropolitan Statistical Area,153800,154022,154591,156020,222,569,1429
148,18180,,33013,"Merrimack County, NH",County or equivalent,153800,154022,154591,156020,222,569,1429
148,29060,,,"Laconia, NH",Micropolitan Statistical Area,63709,63775,64612,64781,66,837,169
148,29060,,33001,"Belknap County, NH",County or equivalent,63709,63775,64612,64781,66,837,169
148,31700,,,"Manchester-Nashua, NH",Metropolitan Statistical Area,422941,422883,424496,426594,-58,1613,2098
148,31700,,33011,"Hillsborough County, NH",County or equivalent,422941,422883,424496,426594,-58,1613,2098
148,39300,,,"Providence-Warwick, RI-MA",Metropolitan Statistical Area,1676581,1673082,1676880,1673802,-3499,3798,-3078
148,39300,,25005,"Bristol County, MA",County or equivalent,579210,576737,579895,580068,-2473,3158,173
148,39300,,44001,"Bristol County, RI",County or equivalent,50786,50774,50800,50360,-12,26,-440
148,39300,,44003,"Kent County, RI",County or equivalent,170358,170386,170997,171275,28,611,278
148,39300,,44005,"Newport County, RI",County or equivalent,85652,85508,85662,84481,-144,154,-1181
148,39300,,44007,"Providence County, RI",County or equivalent,660739,659920,658646,657288,-819,-1274,-1358
148,39300,,44009,"Washington County, RI",County or equivalent,129836,129757,130880,130330,-79,1123,-550
148,49340,,,"Worcester, MA-CT",Metropolitan Statistical Area,978518,975998,978913,980137,-2520,2915,1224
148,49340,,9015,"Windham County, CT",County or equivalent,116419,116290,116781,117210,-129,491,429
148,49340,,25027,"Worcester County, MA",County or equivalent,862099,859708,862132,862927,-2391,2424,795
150,,,,"Bowling Green-Glasgow, KY",Combined Statistical Area,234405,234845,237430,240906,440,2585,3476
150,14540,,,"Bowling Green, KY",Metropolitan Statistical Area,179635,180057,182468,185682,422,2411,3214
150,14540,,21003,"Allen County, KY",County or equivalent,20580,20573,20828,21275,-7,255,447
150,14540,,21031,"Butler County, KY",County or equivalent,12371,12318,12279,12295,-53,-39,16
150,14540,,21061,"Edmonson County, KY",County or equivalent,12133,12153,12213,12269,20,60,56
150,14540,,21227,"Warren County, KY",County or equivalent,134551,135013,137148,139843,462,2135,2695
150,23980,,,"Glasgow, KY",Micropolitan Statistical Area,54770,54788,54962,55224,18,174,262
150,23980,,21009,"Barren County, KY",County or equivalent,44482,44502,44599,44854,20,97,255
150,23980,,21169,"Metcalfe County, KY",County or equivalent,10288,10286,10363,10370,-2,77,7
154,,,,"Brownsville-Harlingen-Raymondville, TX",Combined Statistical Area,441175,441595,443414,445351,420,1819,1937
154,15180,,,"Brownsville-Harlingen, TX",Metropolitan Statistical Area,421012,421445,423124,425208,433,1679,2084
154,15180,,48061,"Cameron County, TX",County or equivalent,421012,421445,423124,425208,433,1679,2084
154,39700,,,"Raymondville, TX",Micropolitan Statistical Area,20163,20150,20290,20143,-13,140,-147
154,39700,,48489,"Willacy County, TX",County or equivalent,20163,20150,20290,20143,-13,140,-147
160,,,,"Buffalo-Cheektowaga-Olean, NY",Combined Statistical Area,1243935,1241715,1242891,1237631,-2220,1176,-5260
160,15380,,,"Buffalo-Cheektowaga, NY",Metropolitan Statistical Area,1166894,1164723,1166241,1161192,-2171,1518,-5049
160,15380,,36029,"Erie County, NY",County or equivalent,954244,952598,954350,950312,-1646,1752,-4038
160,15380,,36063,"Niagara County, NY",County or equivalent,212650,212125,211891,210880,-525,-234,-1011
160,36460,,,"Olean, NY",Micropolitan Statistical Area,77041,76992,76650,76439,-49,-342,-211
160,36460,,36009,"Cattaraugus County, NY",County or equivalent,77041,76992,76650,76439,-49,-342,-211
161,,,,"Burlington-Fort Madison-Keokuk, IA-IL-MO",Combined Statistical Area,103101,102878,102145,101251,-223,-733,-894
161,15460,,,"Burlington, IA-IL",Micropolitan Statistical Area,45292,45150,44811,44444,-142,-339,-367
161,15460,,17071,"Henderson County, IL",County or equivalent,6385,6334,6304,6151,-51,-30,-153
161,15460,,19057,"Des Moines County, IA",County or equivalent,38907,38816,38507,38293,-91,-309,-214
161,22800,,,"Fort Madison-Keokuk, IA-IL-MO",Micropolitan Statistical Area,57809,57728,57334,56807,-81,-394,-527
161,22800,,17067,"Hancock County, IL",County or equivalent,17621,17547,17388,17244,-74,-159,-144
161,22800,,19111,"Lee County, IA",County or equivalent,33548,33520,33208,32840,-28,-312,-368
161,22800,,29045,"Clark County, MO",County or equivalent,6640,6661,6738,6723,21,77,-15
162,,,,"Burlington-South Burlington-Barre, VT",Combined Statistical Area,285368,285458,287145,287569,90,1687,424
162,12740,,,"Barre, VT",Micropolitan Statistical Area,59804,59756,60023,60048,-48,267,25
162,12740,,50023,"Washington County, VT",County or equivalent,59804,59756,60023,60048,-48,267,25
162,15540,,,"Burlington-South Burlington, VT",Metropolitan Statistical Area,225564,225702,227122,227521,138,1420,399
162,15540,,50007,"Chittenden County, VT",County or equivalent,168324,168386,169271,169301,62,885,30
162,15540,,50011,"Franklin County, VT",County or equivalent,49949,50040,50433,50731,91,393,298
162,15540,,50013,"Grand Isle County, VT",County or equivalent,7291,7276,7418,7489,-15,142,71
163,,,,"Cape Coral-Fort Myers-Naples, FL",Combined Statistical Area,1176206,1182522,1218129,1261786,6316,35607,43657
163,15980,,,"Cape Coral-Fort Myers, FL",Metropolitan Statistical Area,760820,765504,790676,822453,4684,25172,31777
163,15980,,12071,"Lee County, FL",County or equivalent,760820,765504,790676,822453,4684,25172,31777
163,17500,,,"Clewiston, FL",Micropolitan Statistical Area,39626,39725,40212,41339,99,487,1127
163,17500,,12051,"Hendry County, FL",County or equivalent,39626,39725,40212,41339,99,487,1127
163,34940,,,"Naples-Marco Island, FL",Metropolitan Statistical Area,375760,377293,387241,397994,1533,9948,10753
163,34940,,12021,"Collier County, FL",County or equivalent,375760,377293,387241,397994,1533,9948,10753
164,,,,"Cape Girardeau-Sikeston, MO-IL",Combined Statistical Area,135579,135563,135613,136115,-16,50,502
164,16020,,,"Cape Girardeau, MO-IL",Metropolitan Statistical Area,97521,97543,97757,98275,22,214,518
164,16020,,17003,"Alexander County, IL",County or equivalent,5242,5173,5032,4858,-69,-141,-174
164,16020,,29017,"Bollinger County, MO",County or equivalent,10572,10559,10578,10518,-13,19,-60
164,16020,,29031,"Cape Girardeau County, MO",County or equivalent,81707,81811,82147,82899,104,336,752
164,43460,,,"Sikeston, MO",Micropolitan Statistical Area,38058,38020,37856,37840,-38,-164,-16
164,43460,,29201,"Scott County, MO",County or equivalent,38058,38020,37856,37840,-38,-164,-16
168,,,,"Cedar Rapids-Iowa City, IA",Combined Statistical Area,451948,452180,453526,454583,232,1346,1057
168,16300,,,"Cedar Rapids, IA",Metropolitan Statistical Area,276520,276598,276016,275592,78,-582,-424
168,16300,,19011,"Benton County, IA",County or equivalent,25571,25534,25719,25711,-37,185,-8
168,16300,,19105,"Jones County, IA",County or equivalent,20646,20653,20839,20848,7,186,9
168,16300,,19113,"Linn County, IA",County or equivalent,230303,230411,229458,229033,108,-953,-425
168,26980,,,"Iowa City, IA",Metropolitan Statistical Area,175428,175582,177510,178991,154,1928,1481
168,26980,,19103,"Johnson County, IA",County or equivalent,152861,153042,155016,156420,181,1974,1404
168,26980,,19183,"Washington County, IA",County or equivalent,22567,22540,22494,22571,-27,-46,77
170,,,,"Charleston-Huntington-Ashland, WV-OH-KY",Combined Statistical Area,779960,778396,771309,763796,-1564,-7087,-7513
170,16620,,,"Charleston, WV",Metropolitan Statistical Area,258852,258046,255207,251914,-806,-2839,-3293
170,16620,,54005,"Boone County, WV",County or equivalent,21807,21739,21367,20968,-68,-372,-399
170,16620,,54015,"Clay County, WV",County or equivalent,8050,8007,7895,7814,-43,-112,-81
170,16620,,54035,"Jackson County, WV",County or equivalent,27792,27720,27761,27716,-72,41,-45
170,16620,,54039,"Kanawha County, WV",County or equivalent,180744,180217,177993,175515,-527,-2224,-2478
170,16620,,54043,"Lincoln County, WV",County or equivalent,20459,20363,20191,19901,-96,-172,-290
170,26580,,,"Huntington-Ashland, WV-KY-OH",Metropolitan Statistical Area,359849,359357,356663,354304,-492,-2694,-2359
170,26580,,21019,"Boyd County, KY",County or equivalent,48253,48197,47767,48110,-56,-430,343
170,26580,,21043,"Carter County, KY",County or equivalent,26626,26607,26432,26395,-19,-175,-37
170,26580,,21089,"Greenup County, KY",County or equivalent,35970,35887,35682,35403,-83,-205,-279
170,26580,,39087,"Lawrence County, OH",County or equivalent,58236,58136,57400,56653,-100,-736,-747
170,26580,,54011,"Cabell County, WV",County or equivalent,94346,94234,93494,92730,-112,-740,-764
170,26580,,54079,"Putnam County, WV",County or equivalent,57435,57432,57355,57015,-3,-77,-340
170,26580,,54099,"Wayne County, WV",County or equivalent,38983,38864,38533,37998,-119,-331,-535
170,34350,,,"Mount Gay-Shamrock, WV",Micropolitan Statistical Area,32572,32510,31917,31316,-62,-593,-601
170,34350,,54045,"Logan County, WV",County or equivalent,32572,32510,31917,31316,-62,-593,-601
170,38580,,,"Point Pleasant, WV-OH",Micropolitan Statistical Area,54675,54639,54510,54068,-36,-129,-442
170,38580,,39053,"Gallia County, OH",County or equivalent,29227,29241,29220,29068,14,-21,-152
170,38580,,54053,"Mason County, WV",County or equivalent,25448,25398,25290,25000,-50,-108,-290
170,39020,,,"Portsmouth, OH",Micropolitan Statistical Area,74012,73844,73012,72194,-168,-832,-818
170,39020,,39145,"Scioto County, OH",County or equivalent,74012,73844,73012,72194,-168,-832,-818
172,,,,"Charlotte-Concord, NC-SC",Combined Statistical Area,2822392,2831352,2870795,2920892,8960,39443,50097
172,10620,,,"Albemarle, NC",Micropolitan Statistical Area,62506,62638,63108,64153,132,470,1045
172,10620,,37167,"Stanly County, NC",County or equivalent,62506,62638,63108,64153,132,470,1045
172,16740,,,"Charlotte-Concord-Gastonia, NC-SC",Metropolitan Statistical Area,2660365,2668915,2707369,2756069,8550,38454,48700
172,16740,,37007,"Anson County, NC",County or equivalent,22052,22033,22254,22202,-19,221,-52
172,16740,,37025,"Cabarrus County, NC",County or equivalent,225807,227214,231726,235797,1407,4512,4071
172,16740,,37071,"Gaston County, NC",County or equivalent,227942,228514,231337,234215,572,2823,2878
172,16740,,37097,"Iredell County, NC",County or equivalent,186699,187683,192227,195897,984,4544,3670
172,16740,,37109,"Lincoln County, NC",County or equivalent,86816,87206,89870,93095,390,2664,3225
172,16740,,37119,"Mecklenburg County, NC",County or equivalent,1115526,1116788,1125809,1145392,1262,9021,19583
172,16740,,37159,"Rowan County, NC",County or equivalent,146878,147148,148012,149645,270,864,1633
172,16740,,37179,"Union County, NC",County or equivalent,238233,239443,244260,249070,1210,4817,4810
172,16740,,45023,"Chester County, SC",County or equivalent,32294,32278,32097,31931,-16,-181,-166
172,16740,,45057,"Lancaster County, SC",County or equivalent,96010,96576,100522,104577,566,3946,4055
172,16740,,45091,"York County, SC",County or equivalent,282108,284032,289255,294248,1924,5223,4993
172,43140,,,"Shelby, NC",Micropolitan Statistical Area,99521,99799,100318,100670,278,519,352
172,43140,,37045,"Cleveland County, NC",County or equivalent,99521,99799,100318,100670,278,519,352
174,,,,"Chattanooga-Cleveland-Dalton, TN-GA",Combined Statistical Area,1000330,1002032,1007920,1018929,1702,5888,11009
174,11940,,,"Athens, TN",Micropolitan Statistical Area,53275,53344,53907,54719,69,563,812
174,11940,,47107,"McMinn County, TN",County or equivalent,53275,53344,53907,54719,69,563,812
174,15660,,,"Calhoun, GA",Micropolitan Statistical Area,57543,57716,58253,58954,173,537,701
174,15660,,13129,"Gordon County, GA",County or equivalent,57543,57716,58253,58954,173,537,701
174,16860,,,"Chattanooga, TN-GA",Metropolitan Statistical Area,562658,563940,567454,574507,1282,3514,7053
174,16860,,13047,"Catoosa County, GA",County or equivalent,67873,68006,68420,68826,133,414,406
174,16860,,13083,"Dade County, GA",County or equivalent,16246,16235,16230,16081,-11,-5,-149
174,16860,,13295,"Walker County, GA",County or equivalent,67660,67742,68405,68915,82,663,510
174,16860,,47065,"Hamilton County, TN",County or equivalent,366215,367242,369027,374682,1027,1785,5655
174,16860,,47115,"Marion County, TN",County or equivalent,28835,28865,28927,29094,30,62,167
174,16860,,47153,"Sequatchie County, TN",County or equivalent,15829,15850,16445,16909,21,595,464
174,17420,,,"Cleveland, TN",Metropolitan Statistical Area,126167,126388,127553,128479,221,1165,926
174,17420,,47011,"Bradley County, TN",County or equivalent,108620,108820,109769,110616,200,949,847
174,17420,,47139,"Polk County, TN",County or equivalent,17547,17568,17784,17863,21,216,79
174,19140,,,"Dalton, GA",Metropolitan Statistical Area,142848,142788,142720,143604,-60,-68,884
174,19140,,13213,"Murray County, GA",County or equivalent,39982,40012,40032,40472,30,20,440
174,19140,,13313,"Whitfield County, GA",County or equivalent,102866,102776,102688,103132,-90,-88,444
174,19420,,,"Dayton, TN",Micropolitan Statistical Area,32870,32934,33205,33730,64,271,525
174,19420,,47143,"Rhea County, TN",County or equivalent,32870,32934,33205,33730,64,271,525
174,44900,,,"Summerville, GA",Micropolitan Statistical Area,24969,24922,24828,24936,-47,-94,108
174,44900,,13055,"Chattooga County, GA",County or equivalent,24969,24922,24828,24936,-47,-94,108
176,,,,"Chicago-Naperville, IL-IN-WI",Combined Statistical Area,9986954,9968572,9886372,9806184,-18382,-82200,-80188
176,16980,,,"Chicago-Naperville-Elgin, IL-IN-WI",Metropolitan Statistical Area,9618494,9600822,9519538,9441957,-17672,-81284,-77581
176,16980,16984,,"Chicago-Naperville-Evanston, IL",Metropolitan Division,7267532,7250740,7166560,7091738,-16792,-84180,-74822
176,16980,16984,17031,"Cook County, IL",County or equivalent,5275522,5261249,5177606,5109292,-14273,-83643,-68314
176,16980,16984,17043,"DuPage County, IL",County or equivalent,932877,931244,926448,920901,-1633,-4796,-5547
176,16980,16984,17063,"Grundy County, IL",County or equivalent,52544,52517,52929,53041,-27,412,112
176,16980,16984,17111,"McHenry County, IL",County or equivalent,310227,309886,311592,311747,-341,1706,155
176,16980,16984,17197,"Will County, IL",County or equivalent,696362,695844,697985,696757,-518,2141,-1228
176,16980,20994,,"Elgin, IL",Metropolitan Division,748803,748742,751603,751668,-61,2861,65
176,16980,20994,17037,"DeKalb County, IL",County or equivalent,100415,100253,100472,100232,-162,219,-240
176,16980,20994,17089,"Kane County, IL",County or equivalent,516520,516141,516183,514182,-379,42,-2001
176,16980,20994,17093,"Kendall County, IL",County or equivalent,131868,132348,134948,137254,480,2600,2306
176,16980,23844,,"Gary, IN",Metropolitan Division,718652,718905,720750,721584,253,1845,834
176,16980,23844,18073,"Jasper County, IN",County or equivalent,32912,32892,33113,33281,-20,221,168
176,16980,23844,18089,"Lake County, IN",County or equivalent,498707,498932,499327,499689,225,395,362
176,16980,23844,18111,"Newton County, IN",County or equivalent,13825,13786,13793,13823,-39,7,30
176,16980,23844,18127,"Porter County, IN",County or equivalent,173208,173295,174517,174791,87,1222,274
176,16980,29404,,"Lake County-Kenosha County, IL-WI",Metropolitan Division,883507,882435,880625,876967,-1072,-1810,-3658
176,16980,29404,17097,"Lake County, IL",County or equivalent,714351,713251,712160,709150,-1100,-1091,-3010
176,16980,29404,55059,"Kenosha County, WI",County or equivalent,169156,169184,168465,167817,28,-719,-648
176,28100,,,"Kankakee, IL",Metropolitan Statistical Area,107508,107250,106652,106074,-258,-598,-578
176,28100,,17091,"Kankakee County, IL",County or equivalent,107508,107250,106652,106074,-258,-598,-578
176,33140,,,"Michigan City-La Porte, IN",Metropolitan Statistical Area,112422,112276,112486,111675,-146,210,-811
176,33140,,18091,"LaPorte County, IN",County or equivalent,112422,112276,112486,111675,-146,210,-811
176,36837,,,"Ottawa, IL",Micropolitan Statistical Area,148530,148224,147696,146478,-306,-528,-1218
176,36837,,17011,"Bureau County, IL",County or equivalent,33229,33172,32961,32828,-57,-211,-133
176,36837,,17099,"LaSalle County, IL",County or equivalent,109663,109421,109139,108078,-242,-282,-1061
176,36837,,17155,"Putnam County, IL",County or equivalent,5638,5631,5596,5572,-7,-35,-24
178,,,,"Cincinnati-Wilmington-Maysville, OH-KY-IN",Combined Statistical Area,2316035,2318085,2319020,2323945,2050,935,4925
178,17140,,,"Cincinnati, OH-KY-IN",Metropolitan Statistical Area,2256892,2258932,2259955,2265051,2040,1023,5096
178,17140,,18029,"Dearborn County, IN",County or equivalent,50680,50754,50946,51138,74,192,192
178,17140,,18047,"Franklin County, IN",County or equivalent,22796,22793,22857,23028,-3,64,171
178,17140,,18115,"Ohio County, IN",County or equivalent,5930,5922,5992,6114,-8,70,122
178,17140,,18161,"Union County, IN",County or equivalent,7087,7081,7014,6952,-6,-67,-62
178,17140,,21015,"Boone County, KY",County or equivalent,135995,136465,137760,139093,470,1295,1333
178,17140,,21023,"Bracken County, KY",County or equivalent,8403,8402,8446,8452,-1,44,6
178,17140,,21037,"Campbell County, KY",County or equivalent,93075,93129,92856,93300,54,-273,444
178,17140,,21077,"Gallatin County, KY",County or equivalent,8693,8672,8766,8763,-21,94,-3
178,17140,,21081,"Grant County, KY",County or equivalent,24946,25014,25302,25502,68,288,200
178,17140,,21117,"Kenton County, KY",County or equivalent,169028,169246,169734,170313,218,488,579
178,17140,,21191,"Pendleton County, KY",County or equivalent,14652,14652,14611,14676,0,-41,65
178,17140,,39015,"Brown County, OH",County or equivalent,43674,43671,43690,43680,-3,19,-10
178,17140,,39017,"Butler County, OH",County or equivalent,390378,390872,387791,388420,494,-3081,629
178,17140,,39025,"Clermont County, OH",County or equivalent,208592,208738,209867,210805,146,1129,938
178,17140,,39061,"Hamilton County, OH",County or equivalent,830625,830320,827501,825037,-305,-2819,-2464
178,17140,,39165,"Warren County, OH",County or equivalent,242338,243201,246822,249778,863,3621,2956
178,32500,,,"Maysville, KY",Micropolitan Statistical Area,17121,17130,16965,16930,9,-165,-35
178,32500,,21161,"Mason County, KY",County or equivalent,17121,17130,16965,16930,9,-165,-35
178,48940,,,"Wilmington, OH",Micropolitan Statistical Area,42022,42023,42100,41964,1,77,-136
178,48940,,39027,"Clinton County, OH",County or equivalent,42022,42023,42100,41964,1,77,-136
184,,,,"Cleveland-Akron-Canton, OH",Combined Statistical Area,3633916,3630882,3609276,3598304,-3034,-21606,-10972
184,10420,,,"Akron, OH",Metropolitan Statistical Area,702226,701625,696225,697627,-601,-5400,1402
184,10420,,39133,"Portage County, OH",County or equivalent,161790,161833,158978,161745,43,-2855,2767
184,10420,,39153,"Summit County, OH",County or equivalent,540436,539792,537247,535882,-644,-2545,-1365
184,11780,,,"Ashtabula, OH",Micropolitan Statistical Area,97596,97516,97452,97014,-80,-64,-438
184,11780,,39007,"Ashtabula County, OH",County or equivalent,97596,97516,97452,97014,-80,-64,-438
184,15940,,,"Canton-Massillon, OH",Metropolitan Statistical Area,401567,401183,400330,399316,-384,-853,-1014
184,15940,,39019,"Carroll County, OH",County or equivalent,26714,26697,26671,26659,-17,-26,-12
184,15940,,39151,"Stark County, OH",County or equivalent,374853,374486,373659,372657,-367,-827,-1002
184,17460,,,"Cleveland-Elyria, OH",Metropolitan Statistical Area,2088189,2086509,2073183,2063132,-1680,-13326,-10051
184,17460,,39035,"Cuyahoga County, OH",County or equivalent,1264813,1262523,1247808,1236041,-2290,-14715,-11767
184,17460,,39055,"Geauga County, OH",County or equivalent,95403,95347,95649,95469,-56,302,-180
184,17460,,39085,"Lake County, OH",County or equivalent,232524,232508,232223,231842,-16,-285,-381
184,17460,,39093,"Lorain County, OH",County or equivalent,312974,313495,314165,316268,521,670,2103
184,17460,,39103,"Medina County, OH",County or equivalent,182475,182636,183338,183512,161,702,174
184,35420,,,"New Philadelphia-Dover, OH",Micropolitan Statistical Area,93265,93183,92608,91937,-82,-575,-671
184,35420,,39157,"Tuscarawas County, OH",County or equivalent,93265,93183,92608,91937,-82,-575,-671
184,35940,,,"Norwalk, OH",Micropolitan Statistical Area,58565,58485,58431,58218,-80,-54,-213
184,35940,,39077,"Huron County, OH",County or equivalent,58565,58485,58431,58218,-80,-54,-213
184,41780,,,"Sandusky, OH",Micropolitan Statistical Area,75619,75475,74918,74501,-144,-557,-417
184,41780,,39043,"Erie County, OH",County or equivalent,75619,75475,74918,74501,-144,-557,-417
184,49300,,,"Wooster, OH",Micropolitan Statistical Area,116889,116906,116129,116559,17,-777,430
184,49300,,39169,"Wayne County, OH",County or equivalent,116889,116906,116129,116559,17,-777,430
185,,,,"Cleveland-Indianola, MS",Combined Statistical Area,56946,56680,55508,54181,-266,-1172,-1327
185,17380,,,"Cleveland, MS",Micropolitan Statistical Area,30973,30827,30180,29370,-146,-647,-810
185,17380,,28011,"Bolivar County, MS",County or equivalent,30973,30827,30180,29370,-146,-647,-810
185,26940,,,"Indianola, MS",Micropolitan Statistical Area,25973,25853,25328,24811,-120,-525,-517
185,26940,,28133,"Sunflower County, MS",County or equivalent,25973,25853,25328,24811,-120,-525,-517
188,,,,"Clovis-Portales, NM",Combined Statistical Area,67626,67527,66977,66466,-99,-550,-511
188,17580,,,"Clovis, NM",Micropolitan Statistical Area,48429,48370,47960,47532,-59,-410,-428
188,17580,,35009,"Curry County, NM",County or equivalent,48429,48370,47960,47532,-59,-410,-428
188,38780,,,"Portales, NM",Micropolitan Statistical Area,19197,19157,19017,18934,-40,-140,-83
188,38780,,35041,"Roosevelt County, NM",County or equivalent,19197,19157,19017,18934,-40,-140,-83
190,,,,"Columbia-Moberly-Mexico, MO",Combined Statistical Area,260540,260086,262268,263686,-454,2182,1418
190,17860,,,"Columbia, MO",Metropolitan Statistical Area,210863,210834,212875,214630,-29,2041,1755
190,17860,,29019,"Boone County, MO",County or equivalent,183607,184035,186075,187690,428,2040,1615
190,17860,,29053,"Cooper County, MO",County or equivalent,17108,16648,16672,16772,-460,24,100
190,17860,,29089,"Howard County, MO",County or equivalent,10148,10151,10128,10168,3,-23,40
190,33020,,,"Mexico, MO",Micropolitan Statistical Area,24964,24798,24824,24434,-166,26,-390
190,33020,,29007,"Audrain County, MO",County or equivalent,24964,24798,24824,24434,-166,26,-390
190,33620,,,"Moberly, MO",Micropolitan Statistical Area,24713,24454,24569,24622,-259,115,53
190,33620,,29175,"Randolph County, MO",County or equivalent,24713,24454,24569,24622,-259,115,53
192,,,,"Columbia-Orangeburg-Newberry, SC",Combined Statistical Area,951416,951769,958143,969027,353,6374,10884
192,17900,,,"Columbia, SC",Metropolitan Statistical Area,829469,830082,837388,847686,613,7306,10298
192,17900,,45017,"Calhoun County, SC",County or equivalent,14122,14113,14134,14179,-9,21,45
192,17900,,45039,"Fairfield County, SC",County or equivalent,20951,20880,20698,20455,-71,-182,-243
192,17900,,45055,"Kershaw County, SC",County or equivalent,65407,65581,66121,67751,174,540,1630
192,17900,,45063,"Lexington County, SC",County or equivalent,293985,295033,300482,304797,1048,5449,4315
192,17900,,45079,"Richland County, SC",County or equivalent,416145,415645,417132,421566,-500,1487,4434
192,17900,,45081,"Saluda County, SC",County or equivalent,18859,18830,18821,18938,-29,-9,117
192,35140,,,"Newberry, SC",Micropolitan Statistical Area,37722,37731,37957,38247,9,226,290
192,35140,,45071,"Newberry County, SC",County or equivalent,37722,37731,37957,38247,9,226,290
192,36700,,,"Orangeburg, SC",Micropolitan Statistical Area,84225,83956,82798,83094,-269,-1158,296
192,36700,,45075,"Orangeburg County, SC",County or equivalent,84225,83956,82798,83094,-269,-1158,296
194,,,,"Columbus-Auburn-Opelika, GA-AL",Combined Statistical Area,503143,503936,504082,504883,793,146,801
194,12220,,,"Auburn-Opelika, AL",Metropolitan Statistical Area,174244,174742,177655,180773,498,2913,3118
194,12220,,1081,"Lee County, AL",County or equivalent,174244,174742,177655,180773,498,2913,3118
194,17980,,,"Columbus, GA-AL",Metropolitan Statistical Area,328899,329194,326427,324110,295,-2767,-2317
194,17980,,1113,"Russell County, AL",County or equivalent,59187,59259,58668,58555,72,-591,-113
194,17980,,13053,"Chattahoochee County, GA",County or equivalent,9568,9481,9044,8819,-87,-437,-225
194,17980,,13145,"Harris County, GA",County or equivalent,34669,34896,35605,36276,227,709,671
194,17980,,13197,"Marion County, GA",County or equivalent,7506,7530,7426,7449,24,-104,23
194,17980,,13215,"Muscogee County, GA",County or equivalent,206922,206998,205024,202616,76,-1974,-2408
194,17980,,13259,"Stewart County, GA",County or equivalent,5312,5304,4914,4648,-8,-390,-266
194,17980,,13263,"Talbot County, GA",County or equivalent,5735,5726,5746,5747,-9,20,1
198,,,,"Columbus-Marion-Zanesville, OH",Combined Statistical Area,2544033,2546944,2551244,2565032,2911,4300,13788
198,13340,,,"Bellefontaine, OH",Micropolitan Statistical Area,46144,46106,46129,46040,-38,23,-89
198,13340,,39091,"Logan County, OH",County or equivalent,46144,46106,46129,46040,-38,23,-89
198,15740,,,"Cambridge, OH",Micropolitan Statistical Area,38434,38415,38263,38098,-19,-152,-165
198,15740,,39059,"Guernsey County, OH",County or equivalent,38434,38415,38263,38098,-19,-152,-165
198,17060,,,"Chillicothe, OH",Micropolitan Statistical Area,77095,77064,76540,76606,-31,-524,66
198,17060,,39141,"Ross County, OH",County or equivalent,77095,77064,76540,76606,-31,-524,66
198,18140,,,"Columbus, OH",Metropolitan Statistical Area,2138924,2141756,2146951,2161511,2832,5195,14560
198,18140,,39041,"Delaware County, OH",County or equivalent,214120,215139,221186,226296,1019,6047,5110
198,18140,,39045,"Fairfield County, OH",County or equivalent,158918,159443,161182,162898,525,1739,1716
198,18140,,39049,"Franklin County, OH",County or equivalent,1323800,1324357,1317560,1321820,557,-6797,4260
198,18140,,39073,"Hocking County, OH",County or equivalent,28054,28039,28126,27858,-15,87,-268
198,18140,,39089,"Licking County, OH",County or equivalent,178509,178769,179962,181359,260,1193,1397
198,18140,,39097,"Madison County, OH",County or equivalent,43847,43853,44404,43540,6,551,-864
198,18140,,39117,"Morrow County, OH",County or equivalent,34940,34973,35197,35339,33,224,142
198,18140,,39127,"Perry County, OH",County or equivalent,35409,35448,35454,35480,39,6,26
198,18140,,39129,"Pickaway County, OH",County or equivalent,58537,58646,58770,60023,109,124,1253
198,18140,,39159,"Union County, OH",County or equivalent,62790,63089,65110,66898,299,2021,1788
198,32020,,,"Marion, OH",Micropolitan Statistical Area,65366,65399,65311,64642,33,-88,-669
198,32020,,39101,"Marion County, OH",County or equivalent,65366,65399,65311,64642,33,-88,-669
198,34540,,,"Mount Vernon, OH",Micropolitan Statistical Area,62711,62783,62547,63183,72,-236,636
198,34540,,39083,"Knox County, OH",County or equivalent,62711,62783,62547,63183,72,-236,636
198,47920,,,"Washington Court House, OH",Micropolitan Statistical Area,28947,28971,28929,28839,24,-42,-90
198,47920,,39047,"Fayette County, OH",County or equivalent,28947,28971,28929,28839,24,-42,-90
198,49780,,,"Zanesville, OH",Micropolitan Statistical Area,86412,86450,86574,86113,38,124,-461
198,49780,,39119,"Muskingum County, OH",County or equivalent,86412,86450,86574,86113,38,124,-461
200,,,,"Columbus-West Point, MS",Combined Statistical Area,77517,77388,76629,75983,-129,-759,-646
200,18060,,,"Columbus, MS",Micropolitan Statistical Area,58882,58767,58129,57603,-115,-638,-526
200,18060,,28087,"Lowndes County, MS",County or equivalent,58882,58767,58129,57603,-115,-638,-526
200,48500,,,"West Point, MS",Micropolitan Statistical Area,18635,18621,18500,18380,-14,-121,-120
200,48500,,28025,"Clay County, MS",County or equivalent,18635,18621,18500,18380,-14,-121,-120
204,,,,"Corpus Christi-Kingsville-Alice, TX",Combined Statistical Area,525865,526158,527360,526006,293,1202,-1354
204,10860,,,"Alice, TX",Micropolitan Statistical Area,48720,48684,48926,48714,-36,242,-212
204,10860,,48131,"Duval County, TX",County or equivalent,9827,9807,10003,9888,-20,196,-115
204,10860,,48249,"Jim Wells County, TX",County or equivalent,38893,38877,38923,38826,-16,46,-97
204,18580,,,"Corpus Christi, TX",Metropolitan Statistical Area,421924,422214,422931,421628,290,717,-1303
204,18580,,48355,"Nueces County, TX",County or equivalent,353170,353376,353230,351674,206,-146,-1556
204,18580,,48409,"San Patricio County, TX",County or equivalent,68754,68838,69701,69954,84,863,253
204,28780,,,"Kingsville, TX",Micropolitan Statistical Area,31390,31328,30984,30720,-62,-344,-264
204,28780,,48261,"Kenedy County, TX",County or equivalent,352,351,342,358,-1,-9,16
204,28780,,48273,"Kleberg County, TX",County or equivalent,31038,30977,30642,30362,-61,-335,-280
204,40530,,,"Rockport, TX",Micropolitan Statistical Area,23831,23932,24519,24944,101,587,425
204,40530,,48007,"Aransas County, TX",County or equivalent,23831,23932,24519,24944,101,587,425
206,,,,"Dallas-Fort Worth, TX-OK",Combined Statistical Area,8121090,8151565,8269306,8449932,30475,117741,180626
206,11980,,,"Athens, TX",Micropolitan Statistical Area,82145,82394,83590,84511,249,1196,921
206,11980,,48213,"Henderson County, TX",County or equivalent,82145,82394,83590,84511,249,1196,921
206,14300,,,"Bonham, TX",Micropolitan Statistical Area,35661,35798,36716,37125,137,918,409
206,14300,,48147,"Fannin County, TX",County or equivalent,35661,35798,36716,37125,137,918,409
206,18620,,,"Corsicana, TX",Micropolitan Statistical Area,52623,52828,53616,54636,205,788,1020
206,18620,,48349,"Navarro County, TX",County or equivalent,52623,52828,53616,54636,205,788,1020
206,19100,,,"Dallas-Fort Worth-Arlington, TX",Metropolitan Statistical Area,7637361,7665875,7773289,7943685,28514,107414,170396
206,19100,19124,,"Dallas-Plano-Irving, TX",Metropolitan Division,5129894,5150758,5227591,5352855,20864,76833,125264
206,19100,19124,48085,"Collin County, TX",County or equivalent,1066465,1075654,1114450,1158696,9189,38796,44246
206,19100,19124,48113,"Dallas County, TX",County or equivalent,2611491,2609966,2587954,2600840,-1525,-22012,12886
206,19100,19124,48121,"Denton County, TX",County or equivalent,906405,914324,943857,977281,7919,29533,33424
206,19100,19124,48139,"Ellis County, TX",County or equivalent,192441,194295,203107,212182,1854,8812,9075
206,19100,19124,48231,"Hunt County, TX",County or equivalent,99957,100257,103458,108282,300,3201,4824
206,19100,19124,48257,"Kaufman County, TX",County or equivalent,145303,147126,158216,172366,1823,11090,14150
206,19100,19124,48397,"Rockwall County, TX",County or equivalent,107832,109136,116549,123208,1304,7413,6659
206,19100,23104,,"Fort Worth-Arlington-Grapevine, TX",Metropolitan Division,2507467,2515117,2545698,2590830,7650,30581,45132
206,19100,23104,48251,"Johnson County, TX",County or equivalent,179999,180945,187442,195506,946,6497,8064
206,19100,23104,48367,"Parker County, TX",County or equivalent,148228,149547,156966,165834,1319,7419,8868
206,19100,23104,48439,"Tarrant County, TX",County or equivalent,2110608,2115682,2129402,2154595,5074,13720,25193
206,19100,23104,48497,"Wise County, TX",County or equivalent,68632,68943,71888,74895,311,2945,3007
206,20460,,,"Durant, OK",Micropolitan Statistical Area,46072,46327,47187,48182,255,860,995
206,20460,,40013,"Bryan County, OK",County or equivalent,46072,46327,47187,48182,255,860,995
206,23620,,,"Gainesville, TX",Micropolitan Statistical Area,41671,41744,42408,43050,73,664,642
206,23620,,48097,"Cooke County, TX",County or equivalent,41671,41744,42408,43050,73,664,642
206,24180,,,"Granbury, TX",Micropolitan Statistical Area,61597,62054,64263,66373,457,2209,2110
206,24180,,48221,"Hood County, TX",County or equivalent,61597,62054,64263,66373,457,2209,2110
206,33420,,,"Mineral Wells, TX",Micropolitan Statistical Area,28408,28445,28676,29239,37,231,563
206,33420,,48363,"Palo Pinto County, TX",County or equivalent,28408,28445,28676,29239,37,231,563
206,43300,,,"Sherman-Denison, TX",Metropolitan Statistical Area,135552,136100,139561,143131,548,3461,3570
206,43300,,48181,"Grayson County, TX",County or equivalent,135552,136100,139561,143131,548,3461,3570
209,,,,"Davenport-Moline, IA-IL",Combined Statistical Area,474043,473327,470920,468095,-716,-2407,-2825
209,17540,,,"Clinton, IA",Micropolitan Statistical Area,46470,46432,46526,46344,-38,94,-182
209,17540,,19045,"Clinton County, IA",County or equivalent,46470,46432,46526,46344,-38,94,-182
209,19340,,,"Davenport-Moline-Rock Island, IA-IL",Metropolitan Statistical Area,384331,383754,381706,379374,-577,-2048,-2332
209,19340,,17073,"Henry County, IL",County or equivalent,49290,49172,48868,48419,-118,-304,-449
209,19340,,17131,"Mercer County, IL",County or equivalent,15694,15627,15568,15504,-67,-59,-64
209,19340,,17161,"Rock Island County, IL",County or equivalent,144678,144359,142992,141527,-319,-1367,-1465
209,19340,,19163,"Scott County, IA",County or equivalent,174669,174596,174278,173924,-73,-318,-354
209,34700,,,"Muscatine, IA",Micropolitan Statistical Area,43242,43141,42688,42377,-101,-453,-311
209,34700,,19139,"Muscatine County, IA",County or equivalent,43242,43141,42688,42377,-101,-453,-311
212,,,,"Dayton-Springfield-Kettering, OH",Combined Statistical Area,1088849,1088810,1087387,1085335,-39,-1423,-2052
212,19430,,,"Dayton-Kettering, OH",Metropolitan Statistical Area,814064,814162,813183,812595,98,-979,-588
212,19430,,39057,"Greene County, OH",County or equivalent,167971,168119,167628,168456,148,-491,828
212,19430,,39109,"Miami County, OH",County or equivalent,108777,108950,109386,110247,173,436,861
212,19430,,39113,"Montgomery County, OH",County or equivalent,537316,537093,536169,533892,-223,-924,-2277
212,24820,,,"Greenville, OH",Micropolitan Statistical Area,51883,51897,51645,51529,14,-252,-116
212,24820,,39037,"Darke County, OH",County or equivalent,51883,51897,51645,51529,14,-252,-116
212,43380,,,"Sidney, OH",Micropolitan Statistical Area,48222,48138,48030,47671,-84,-108,-359
212,43380,,39149,"Shelby County, OH",County or equivalent,48222,48138,48030,47671,-84,-108,-359
212,44220,,,"Springfield, OH",Metropolitan Statistical Area,135973,135879,135747,134831,-94,-132,-916
212,44220,,39023,"Clark County, OH",County or equivalent,135973,135879,135747,134831,-94,-132,-916
212,46500,,,"Urbana, OH",Micropolitan Statistical Area,38707,38734,38782,38709,27,48,-73
212,46500,,39021,"Champaign County, OH",County or equivalent,38707,38734,38782,38709,27,48,-73
216,,,,"Denver-Aurora, CO",Combined Statistical Area,3623571,3632271,3644719,3663515,8700,12448,18796
216,14500,,,"Boulder, CO",Metropolitan Statistical Area,330764,330922,327075,327468,158,-3847,393
216,14500,,8013,"Boulder County, CO",County or equivalent,330764,330922,327075,327468,158,-3847,393
216,19740,,,"Denver-Aurora-Lakewood, CO",Metropolitan Statistical Area,2963831,2969922,2977833,2985871,6091,7911,8038
216,19740,,8001,"Adams County, CO",County or equivalent,519582,520479,523592,527575,897,3113,3983
216,19740,,8005,"Arapahoe County, CO",County or equivalent,655058,655207,656557,655808,149,1350,-749
216,19740,,8014,"Broomfield County, CO",County or equivalent,74105,74484,75375,76121,379,891,746
216,19740,,8019,"Clear Creek County, CO",County or equivalent,9394,9393,9445,9355,-1,52,-90
216,19740,,8031,"Denver County, CO",County or equivalent,715538,717556,711323,713252,2018,-6233,1929
216,19740,,8035,"Douglas County, CO",County or equivalent,357998,360303,369825,375988,2305,9522,6163
216,19740,,8039,"Elbert County, CO",County or equivalent,26049,26207,27133,27799,158,926,666
216,19740,,8047,"Gilpin County, CO",County or equivalent,5810,5824,5899,5891,14,75,-8
216,19740,,8059,"Jefferson County, CO",County or equivalent,582902,583050,580926,576143,148,-2124,-4783
216,19740,,8093,"Park County, CO",County or equivalent,17395,17419,17758,17939,24,339,181
216,24540,,,"Greeley, CO",Metropolitan Statistical Area,328976,331427,339811,350176,2451,8384,10365
216,24540,,8123,"Weld County, CO",County or equivalent,328976,331427,339811,350176,2451,8384,10365
217,,,,"DeRidder-Fort Polk South, LA",Combined Statistical Area,85308,85225,84675,83817,-83,-550,-858
217,19760,,,"DeRidder, LA",Micropolitan Statistical Area,36554,36600,36619,36570,46,19,-49
217,19760,,22011,"Beauregard Parish, LA",County or equivalent,36554,36600,36619,36570,46,19,-49
217,22860,,,"Fort Polk South, LA",Micropolitan Statistical Area,48754,48625,48056,47247,-129,-569,-809
217,22860,,22115,"Vernon Parish, LA",County or equivalent,48754,48625,48056,47247,-129,-569,-809
218,,,,"Des Moines-Ames-West Des Moines, IA",Combined Statistical Area,890315,892009,902310,910923,1694,10301,8613
218,11180,,,"Ames, IA",Metropolitan Statistical Area,125251,125345,126442,126282,94,1097,-160
218,11180,,19015,"Boone County, IA",County or equivalent,26715,26700,26776,26609,-15,76,-167
218,11180,,19169,"Story County, IA",County or equivalent,98536,98645,99666,99673,109,1021,7
218,19780,,,"Des Moines-West Des Moines, IA",Metropolitan Statistical Area,709467,711109,720480,729053,1642,9371,8573
218,19780,,19049,"Dallas County, IA",County or equivalent,99677,100473,104069,108016,796,3596,3947
218,19780,,19077,"Guthrie County, IA",County or equivalent,10623,10613,10586,10647,-10,-27,61
218,19780,,19099,"Jasper County, IA",County or equivalent,37809,37810,37874,37938,1,64,64
218,19780,,19121,"Madison County, IA",County or equivalent,16545,16628,16789,17036,83,161,247
218,19780,,19153,"Polk County, IA",County or equivalent,492411,492997,497675,501089,586,4678,3414
218,19780,,19181,"Warren County, IA",County or equivalent,52402,52588,53487,54327,186,899,840
218,36820,,,"Oskaloosa, IA",Micropolitan Statistical Area,22180,22147,21944,21946,-33,-203,2
218,36820,,19123,"Mahaska County, IA",County or equivalent,22180,22147,21944,21946,-33,-203,2
218,37800,,,"Pella, IA",Micropolitan Statistical Area,33417,33408,33444,33642,-9,36,198
218,37800,,19125,"Marion County, IA",County or equivalent,33417,33408,33444,33642,-9,36,198
220,,,,"Detroit-Warren-Ann Arbor, MI",Combined Statistical Area,5424747,5416423,5391204,5368296,-8324,-25219,-22908
220,10300,,,"Adrian, MI",Micropolitan Statistical Area,99424,99320,99202,98567,-104,-118,-635
220,10300,,26091,"Lenawee County, MI",County or equivalent,99424,99320,99202,98567,-104,-118,-635
220,11460,,,"Ann Arbor, MI",Metropolitan Statistical Area,372265,371817,364998,366376,-448,-6819,1378
220,11460,,26161,"Washtenaw County, MI",County or equivalent,372265,371817,364998,366376,-448,-6819,1378
220,19820,,,"Detroit-Warren-Dearborn, MI",Metropolitan Statistical Area,4392029,4384636,4366696,4345761,-7393,-17940,-20935
220,19820,19804,,"Detroit-Dearborn-Livonia, MI",Metropolitan Division,1793549,1789129,1773073,1757043,-4420,-16056,-16030
220,19820,19804,26163,"Wayne County, MI",County or equivalent,1793549,1789129,1773073,1757043,-4420,-16056,-16030
220,19820,47664,,"Warren-Troy-Farmington Hills, MI",Metropolitan Division,2598480,2595507,2593623,2588718,-2973,-1884,-4905
220,19820,47664,26087,"Lapeer County, MI",County or equivalent,88615,88572,88686,88780,-43,114,94
220,19820,47664,26093,"Livingston County, MI",County or equivalent,193869,193971,195277,196161,102,1306,884
220,19820,47664,26099,"Macomb County, MI",County or equivalent,881219,880176,877385,874195,-1043,-2791,-3190
220,19820,47664,26125,"Oakland County, MI",County or equivalent,1274395,1272413,1271891,1269431,-1982,-522,-2460
220,19820,47664,26147,"St. Clair County, MI",County or equivalent,160382,160375,160384,160151,-7,9,-233
220,22420,,,"Flint, MI",Metropolitan Statistical Area,406217,405757,404662,401983,-460,-1095,-2679
220,22420,,26049,"Genesee County, MI",County or equivalent,406217,405757,404662,401983,-460,-1095,-2679
220,33780,,,"Monroe, MI",Metropolitan Statistical Area,154812,154893,155646,155609,81,753,-37
220,33780,,26115,"Monroe County, MI",County or equivalent,154812,154893,155646,155609,81,753,-37
221,,,,"Dixon-Sterling, IL",Combined Statistical Area,89835,89604,89508,88506,-231,-96,-1002
221,19940,,,"Dixon, IL",Micropolitan Statistical Area,34144,34051,34166,33848,-93,115,-318
221,19940,,17103,"Lee County, IL",County or equivalent,34144,34051,34166,33848,-93,115,-318
221,44580,,,"Sterling, IL",Micropolitan Statistical Area,55691,55553,55342,54658,-138,-211,-684
221,44580,,17195,"Whiteside County, IL",County or equivalent,55691,55553,55342,54658,-138,-211,-684
222,,,,"Dothan-Ozark, AL",Combined Statistical Area,200331,200410,200966,202061,79,556,1095
222,20020,,,"Dothan, AL",Metropolitan Statistical Area,151012,151157,151554,152517,145,397,963
222,20020,,1061,"Geneva County, AL",County or equivalent,26660,26696,26667,26783,36,-29,116
222,20020,,1067,"Henry County, AL",County or equivalent,17148,17175,17434,17655,27,259,221
222,20020,,1069,"Houston County, AL",County or equivalent,107204,107286,107453,108079,82,167,626
222,37120,,,"Ozark, AL",Micropolitan Statistical Area,49319,49253,49412,49544,-66,159,132
222,37120,,1045,"Dale County, AL",County or equivalent,49319,49253,49412,49544,-66,159,132
232,,,,"Eau Claire-Menomonie, WI",Combined Statistical Area,217438,217652,217125,219295,214,-527,2170
232,20740,,,"Eau Claire, WI",Metropolitan Statistical Area,172004,172211,172616,173644,207,405,1028
232,20740,,55017,"Chippewa County, WI",County or equivalent,66302,66337,66628,66807,35,291,179
232,20740,,55035,"Eau Claire County, WI",County or equivalent,105702,105874,105988,106837,172,114,849
232,32860,,,"Menomonie, WI",Micropolitan Statistical Area,45434,45441,44509,45651,7,-932,1142
232,32860,,55033,"Dunn County, WI",County or equivalent,45434,45441,44509,45651,7,-932,1142
233,,,,"Edwards-Glenwood Springs, CO",Combined Statistical Area,134776,134811,135318,134432,35,507,-886
233,20780,,,"Edwards, CO",Micropolitan Statistical Area,55730,55665,55773,55285,-65,108,-488
233,20780,,8037,"Eagle County, CO",County or equivalent,55730,55665,55773,55285,-65,108,-488
233,24060,,,"Glenwood Springs, CO",Micropolitan Statistical Area,79046,79146,79545,79147,100,399,-398
233,24060,,8045,"Garfield County, CO",County or equivalent,61688,61792,62195,62271,104,403,76
233,24060,,8097,"Pitkin County, CO",County or equivalent,17358,17354,17350,16876,-4,-4,-474
236,,,,"Elmira-Corning, NY",Combined Statistical Area,177729,177259,175935,174025,-470,-1324,-1910
236,18500,,,"Corning, NY",Micropolitan Statistical Area,93577,93314,93105,92599,-263,-209,-506
236,18500,,36101,"Steuben County, NY",County or equivalent,93577,93314,93105,92599,-263,-209,-506
236,21300,,,"Elmira, NY",Metropolitan Statistical Area,84152,83945,82830,81426,-207,-1115,-1404
236,21300,,36015,"Chemung County, NY",County or equivalent,84152,83945,82830,81426,-207,-1115,-1404
238,,,,"El Paso-Las Cruces, TX-NM",Combined Statistical Area,1088428,1089797,1093030,1095532,1369,3233,2502
238,21340,,,"El Paso, TX",Metropolitan Statistical Area,868861,869750,871375,872195,889,1625,820
238,21340,,48141,"El Paso County, TX",County or equivalent,865655,866547,868086,868763,892,1539,677
238,21340,,48229,"Hudspeth County, TX",County or equivalent,3206,3203,3289,3432,-3,86,143
238,29740,,,"Las Cruces, NM",Metropolitan Statistical Area,219567,220047,221655,223337,480,1608,1682
238,29740,,35013,"Doña Ana County, NM",County or equivalent,219567,220047,221655,223337,480,1608,1682
240,,,,"Erie-Meadville, PA",Combined Statistical Area,354806,354336,352502,350359,-470,-1834,-2143
240,21500,,,"Erie, PA",Metropolitan Statistical Area,270869,270539,269300,267689,-330,-1239,-1611
240,21500,,42049,"Erie County, PA",County or equivalent,270869,270539,269300,267689,-330,-1239,-1611
240,32740,,,"Meadville, PA",Micropolitan Statistical Area,83937,83797,83202,82670,-140,-595,-532
240,32740,,42039,"Crawford County, PA",County or equivalent,83937,83797,83202,82670,-140,-595,-532
244,,,,"Fargo-Wahpeton, ND-MN",Combined Statistical Area,272878,273215,277938,281593,337,4723,3655
244,22020,,,"Fargo, ND-MN",Metropolitan Statistical Area,249837,250206,254958,258663,369,4752,3705
244,22020,,27027,"Clay County, MN",County or equivalent,65309,65332,65665,65929,23,333,264
244,22020,,38017,"Cass County, ND",County or equivalent,184528,184874,189293,192734,346,4419,3441
244,47420,,,"Wahpeton, ND-MN",Micropolitan Statistical Area,23041,23009,22980,22930,-32,-29,-50
244,47420,,27167,"Wilkin County, MN",County or equivalent,6513,6482,6410,6350,-31,-72,-60
244,47420,,38077,"Richland County, ND",County or equivalent,16528,16527,16570,16580,-1,43,10
246,,,,"Fayetteville-Sanford-Lumberton, NC",Combined Statistical Area,834065,834551,843606,851150,486,9055,7544
246,22180,,,"Fayetteville, NC",Metropolitan Statistical Area,520363,520410,526153,529318,47,5743,3165
246,22180,,37051,"Cumberland County, NC",County or equivalent,334728,334391,337249,336699,-337,2858,-550
246,22180,,37085,"Harnett County, NC",County or equivalent,133554,133779,135669,138832,225,1890,3163
246,22180,,37093,"Hoke County, NC",County or equivalent,52081,52240,53235,53787,159,995,552
246,29900,,,"Laurinburg, NC",Micropolitan Statistical Area,34180,34141,34175,34162,-39,34,-13
246,29900,,37165,"Scotland County, NC",County or equivalent,34180,34141,34175,34162,-39,34,-13
246,31300,,,"Lumberton, NC",Micropolitan Statistical Area,116516,116305,116229,116663,-211,-76,434
246,31300,,37155,"Robeson County, NC",County or equivalent,116516,116305,116229,116663,-211,-76,434
246,38240,,,"Pinehurst-Southern Pines, NC",Micropolitan Statistical Area,99725,100267,102952,105531,542,2685,2579
246,38240,,37125,"Moore County, NC",County or equivalent,99725,100267,102952,105531,542,2685,2579
246,41820,,,"Sanford, NC",Micropolitan Statistical Area,63281,63428,64097,65476,147,669,1379
246,41820,,37105,"Lee County, NC",County or equivalent,63281,63428,64097,65476,147,669,1379
258,,,,"Fort Wayne-Huntington-Auburn, IN",Combined Statistical Area,645451,646288,649966,653136,837,3678,3170
258,11420,,,"Angola, IN",Micropolitan Statistical Area,34448,34453,34666,34725,5,213,59
258,11420,,18151,"Steuben County, IN",County or equivalent,34448,34453,34666,34725,5,213,59
258,12140,,,"Auburn, IN",Micropolitan Statistical Area,43273,43297,43369,43731,24,72,362
258,12140,,18033,"DeKalb County, IN",County or equivalent,43273,43297,43369,43731,24,72,362
258,14160,,,"Bluffton, IN",Micropolitan Statistical Area,28187,28167,28177,28335,-20,10,158
258,14160,,18179,"Wells County, IN",County or equivalent,28187,28167,28177,28335,-20,10,158
258,19540,,,"Decatur, IN",Micropolitan Statistical Area,35811,35852,35939,36068,41,87,129
258,19540,,18001,"Adams County, IN",County or equivalent,35811,35852,35939,36068,41,87,129
258,23060,,,"Fort Wayne, IN",Metropolitan Statistical Area,419601,420420,423604,426076,819,3184,2472
258,23060,,18003,"Allen County, IN",County or equivalent,385411,386082,389112,391449,671,3030,2337
258,23060,,18183,"Whitley County, IN",County or equivalent,34190,34338,34492,34627,148,154,135
258,26540,,,"Huntington, IN",Micropolitan Statistical Area,36670,36646,36792,36834,-24,146,42
258,26540,,18069,"Huntington County, IN",County or equivalent,36670,36646,36792,36834,-24,146,42
258,28340,,,"Kendallville, IN",Micropolitan Statistical Area,47461,47453,47419,47367,-8,-34,-52
258,28340,,18113,"Noble County, IN",County or equivalent,47461,47453,47419,47367,-8,-34,-52
260,,,,"Fresno-Madera-Hanford, CA",Combined Statistical Area,1317397,1318636,1324581,1328427,1239,5945,3846
260,23420,,,"Fresno, CA",Metropolitan Statistical Area,1008650,1009503,1012992,1015190,853,3489,2198
260,23420,,6019,"Fresno County, CA",County or equivalent,1008650,1009503,1012992,1015190,853,3489,2198
260,25260,,,"Hanford-Corcoran, CA",Metropolitan Statistical Area,152488,152790,152679,152981,302,-111,302
260,25260,,6031,"Kings County, CA",County or equivalent,152488,152790,152679,152981,302,-111,302
260,31460,,,"Madera, CA",Metropolitan Statistical Area,156259,156343,158910,160256,84,2567,1346
260,31460,,6039,"Madera County, CA",County or equivalent,156259,156343,158910,160256,84,2567,1346
264,,,,"Gainesville-Lake City, FL",Combined Statistical Area,408950,410421,414183,420190,1471,3762,6007
264,23540,,,"Gainesville, FL",Metropolitan Statistical Area,339249,340684,344281,348282,1435,3597,4001
264,23540,,12001,"Alachua County, FL",County or equivalent,278475,279742,281817,284030,1267,2075,2213
264,23540,,12041,"Gilchrist County, FL",County or equivalent,17862,17883,18306,18992,21,423,686
264,23540,,12075,"Levy County, FL",County or equivalent,42912,43059,44158,45260,147,1099,1102
264,29380,,,"Lake City, FL",Micropolitan Statistical Area,69701,69737,69902,71908,36,165,2006
264,29380,,12023,"Columbia County, FL",County or equivalent,69701,69737,69902,71908,36,165,2006
266,,,,"Grand Rapids-Kentwood-Muskegon, MI",Combined Statistical Area,1423632,1425139,1429251,1432693,1507,4112,3442
266,13660,,,"Big Rapids, MI",Micropolitan Statistical Area,39713,39792,40057,40720,79,265,663
266,13660,,26107,"Mecosta County, MI",County or equivalent,39713,39792,40057,40720,79,265,663
266,24340,,,"Grand Rapids-Kentwood, MI",Metropolitan Statistical Area,1087606,1088852,1091572,1094198,1246,2720,2626
266,24340,,26067,"Ionia County, MI",County or equivalent,66793,66855,66797,66809,62,-58,12
266,24340,,26081,"Kent County, MI",County or equivalent,657984,658460,659000,659083,476,540,83
266,24340,,26117,"Montcalm County, MI",County or equivalent,66622,66648,67458,67433,26,810,-25
266,24340,,26139,"Ottawa County, MI",County or equivalent,296207,296889,298317,300873,682,1428,2556
266,26090,,,"Holland, MI",Micropolitan Statistical Area,120499,120647,121010,121210,148,363,200
266,26090,,26005,"Allegan County, MI",County or equivalent,120499,120647,121010,121210,148,363,200
266,34740,,,"Muskegon, MI",Metropolitan Statistical Area,175814,175848,176612,176565,34,764,-47
266,34740,,26121,"Muskegon County, MI",County or equivalent,175814,175848,176612,176565,34,764,-47
267,,,,"Green Bay-Shawano, WI",Combined Statistical Area,373392,373680,373888,375375,288,208,1487
267,24580,,,"Green Bay, WI",Metropolitan Statistical Area,328256,328551,328784,330292,295,233,1508
267,24580,,55009,"Brown County, WI",County or equivalent,268729,268921,268814,270036,192,-107,1222
267,24580,,55061,"Kewaunee County, WI",County or equivalent,20556,20550,20577,20623,-6,27,46
267,24580,,55083,"Oconto County, WI",County or equivalent,38971,39080,39393,39633,109,313,240
267,43020,,,"Shawano, WI",Micropolitan Statistical Area,45136,45129,45104,45083,-7,-25,-21
267,43020,,55078,"Menominee County, WI",County or equivalent,4250,4256,4292,4197,6,36,-95
267,43020,,55115,"Shawano County, WI",County or equivalent,40886,40873,40812,40886,-13,-61,74
268,,,,"Greensboro--Winston-Salem--High Point, NC",Combined Statistical Area,1695322,1695498,1706676,1720328,176,11178,13652
268,15500,,,"Burlington, NC",Metropolitan Statistical Area,171429,171954,173876,176353,525,1922,2477
268,15500,,37001,"Alamance County, NC",County or equivalent,171429,171954,173876,176353,525,1922,2477
268,24660,,,"Greensboro-High Point, NC",Metropolitan Statistical Area,776560,775104,779125,784101,-1456,4021,4976
268,24660,,37081,"Guilford County, NC",County or equivalent,541309,539498,542756,546101,-1811,3258,3345
268,24660,,37151,"Randolph County, NC",County or equivalent,144151,144418,145109,146043,267,691,934
268,24660,,37157,"Rockingham County, NC",County or equivalent,91100,91188,91260,91957,88,72,697
268,34340,,,"Mount Airy, NC",Micropolitan Statistical Area,71367,71372,71196,71403,5,-176,207
268,34340,,37171,"Surry County, NC",County or equivalent,71367,71372,71196,71403,5,-176,207
268,49180,,,"Winston-Salem, NC",Metropolitan Statistical Area,675966,677068,682479,688471,1102,5411,5992
268,49180,,37057,"Davidson County, NC",County or equivalent,168933,169196,170794,172586,263,1598,1792
268,49180,,37059,"Davie County, NC",County or equivalent,42715,42895,43614,44090,180,719,476
268,49180,,37067,"Forsyth County, NC",County or equivalent,382584,383166,386172,389157,582,3006,2985
268,49180,,37169,"Stokes County, NC",County or equivalent,44523,44565,44641,45175,42,76,534
268,49180,,37197,"Yadkin County, NC",County or equivalent,37211,37246,37258,37463,35,12,205
272,,,,"Greenville-Kinston-Washington, NC",Combined Statistical Area,270023,270118,271404,272447,95,1286,1043
272,24780,,,"Greenville, NC",Metropolitan Statistical Area,170241,170378,172273,173542,137,1895,1269
272,24780,,37147,"Pitt County, NC",County or equivalent,170241,170378,172273,173542,137,1895,1269
272,28820,,,"Kinston, NC",Micropolitan Statistical Area,55124,55050,54693,54633,-74,-357,-60
272,28820,,37107,"Lenoir County, NC",County or equivalent,55124,55050,54693,54633,-74,-357,-60
272,47820,,,"Washington, NC",Micropolitan Statistical Area,44658,44690,44438,44272,32,-252,-166
272,47820,,37013,"Beaufort County, NC",County or equivalent,44658,44690,44438,44272,32,-252,-166
273,,,,"Greenville-Spartanburg-Anderson, SC",Combined Statistical Area,1487607,1491590,1508164,1537109,3983,16574,28945
273,23500,,,"Gaffney, SC",Micropolitan Statistical Area,56216,56207,56025,56121,-9,-182,96
273,23500,,45021,"Cherokee County, SC",County or equivalent,56216,56207,56025,56121,-9,-182,96
273,24860,,,"Greenville-Anderson, SC",Metropolitan Statistical Area,928196,930676,941269,958958,2480,10593,17689
273,24860,,45007,"Anderson County, SC",County or equivalent,203723,204176,206852,209581,453,2676,2729
273,24860,,45045,"Greenville County, SC",County or equivalent,525539,527207,534521,547950,1668,7314,13429
273,24860,,45059,"Laurens County, SC",County or equivalent,67533,67624,67817,67965,91,193,148
273,24860,,45077,"Pickens County, SC",County or equivalent,131401,131669,132079,133462,268,410,1383
273,24940,,,"Greenwood, SC",Micropolitan Statistical Area,69349,69388,69148,69267,39,-240,119
273,24940,,45047,"Greenwood County, SC",County or equivalent,69349,69388,69148,69267,39,-240,119
273,42860,,,"Seneca, SC",Micropolitan Statistical Area,78604,78778,79322,80180,174,544,858
273,42860,,45073,"Oconee County, SC",County or equivalent,78604,78778,79322,80180,174,544,858
273,43900,,,"Spartanburg, SC",Metropolitan Statistical Area,328002,329365,335406,345831,1363,6041,10425
273,43900,,45083,"Spartanburg County, SC",County or equivalent,328002,329365,335406,345831,1363,6041,10425
273,46420,,,"Union, SC",Micropolitan Statistical Area,27240,27176,26994,26752,-64,-182,-242
273,46420,,45087,"Union County, SC",County or equivalent,27240,27176,26994,26752,-64,-182,-242
276,,,,"Harrisburg-York-Lebanon, PA",Combined Statistical Area,1295233,1296489,1308310,1314589,1256,11821,6279
276,23900,,,"Gettysburg, PA",Metropolitan Statistical Area,103829,103779,105632,106027,-50,1853,395
276,23900,,42001,"Adams County, PA",County or equivalent,103829,103779,105632,106027,-50,1853,395
276,25420,,,"Harrisburg-Carlisle, PA",Metropolitan Statistical Area,591700,592736,599721,603493,1036,6985,3772
276,25420,,42041,"Cumberland County, PA",County or equivalent,259464,260223,265593,268579,759,5370,2986
276,25420,,42043,"Dauphin County, PA",County or equivalent,286399,286685,288187,288800,286,1502,613
276,25420,,42099,"Perry County, PA",County or equivalent,45837,45828,45941,46114,-9,113,173
276,30140,,,"Lebanon, PA",Metropolitan Statistical Area,143262,143282,143809,144011,20,527,202
276,30140,,42075,"Lebanon County, PA",County or equivalent,143262,143282,143809,144011,20,527,202
276,49620,,,"York-Hanover, PA",Metropolitan Statistical Area,456442,456692,459148,461058,250,2456,1910
276,49620,,42133,"York County, PA",County or equivalent,456442,456692,459148,461058,250,2456,1910
277,,,,"Harrisonburg-Staunton, VA",Combined Statistical Area,261003,261125,262023,263331,122,898,1308
277,25500,,,"Harrisonburg, VA",Metropolitan Statistical Area,135569,135471,135996,136555,-98,525,559
277,25500,,51165,"Rockingham County, VA",County or equivalent,83759,83765,84470,85397,6,705,927
277,25500,,51660,"Harrisonburg city, VA",County or equivalent,51810,51706,51526,51158,-104,-180,-368
277,44420,,,"Staunton, VA",Metropolitan Statistical Area,125434,125654,126027,126776,220,373,749
277,44420,,51015,"Augusta County, VA",County or equivalent,77485,77567,77778,78064,82,211,286
277,44420,,51790,"Staunton city, VA",County or equivalent,25754,25811,25653,25904,57,-158,251
277,44420,,51820,"Waynesboro city, VA",County or equivalent,22195,22276,22596,22808,81,320,212
278,,,,"Hartford-East Hartford, CT",Combined Statistical Area,1482096,1477759,1488587,1490406,-4337,10828,1819
278,25540,,,"Hartford-East Hartford-Middletown, CT",Metropolitan Statistical Area,1213530,1210079,1220287,1221725,-3451,10208,1438
278,25540,,9003,"Hartford County, CT",County or equivalent,899499,896666,898265,898783,-2833,1599,518
278,25540,,9007,"Middlesex County, CT",County or equivalent,164243,163970,166051,166537,-273,2081,486
278,25540,,9013,"Tolland County, CT",County or equivalent,149788,149443,155971,156405,-345,6528,434
278,35980,,,"Norwich-New London, CT",Metropolitan Statistical Area,268566,267680,268300,268681,-886,620,381
278,35980,,9011,"New London County, CT",County or equivalent,268566,267680,268300,268681,-886,620,381
279,,,,"Hattiesburg-Laurel, MS",Combined Statistical Area,255857,255840,256122,256095,-17,282,-27
279,25620,,,"Hattiesburg, MS",Metropolitan Statistical Area,172239,172325,173018,173359,86,693,341
279,25620,,28031,"Covington County, MS",County or equivalent,18339,18298,18250,18098,-41,-48,-152
279,25620,,28035,"Forrest County, MS",County or equivalent,78163,78185,77883,78110,22,-302,227
279,25620,,28073,"Lamar County, MS",County or equivalent,64223,64384,65395,65783,161,1011,388
279,25620,,28111,"Perry County, MS",County or equivalent,11514,11458,11490,11368,-56,32,-122
279,29860,,,"Laurel, MS",Micropolitan Statistical Area,83618,83515,83104,82736,-103,-411,-368
279,29860,,28061,"Jasper County, MS",County or equivalent,16370,16352,16265,16167,-18,-87,-98
279,29860,,28067,"Jones County, MS",County or equivalent,67248,67163,66839,66569,-85,-324,-270
284,,,,"Hot Springs-Malvern, AR",Combined Statistical Area,133218,133324,133494,133292,106,170,-202
284,26300,,,"Hot Springs, AR",Metropolitan Statistical Area,100172,100249,100386,100089,77,137,-297
284,26300,,5051,"Garland County, AR",County or equivalent,100172,100249,100386,100089,77,137,-297
284,31680,,,"Malvern, AR",Micropolitan Statistical Area,33046,33075,33108,33203,29,33,95
284,31680,,5059,"Hot Spring County, AR",County or equivalent,33046,33075,33108,33203,29,33,95
288,,,,"Houston-The Woodlands, TX",Combined Statistical Area,7312235,7330942,7408120,7533096,18707,77178,124976
288,13060,,,"Bay City, TX",Micropolitan Statistical Area,36249,36280,36366,36125,31,86,-241
288,13060,,48321,"Matagorda County, TX",County or equivalent,36249,36280,36366,36125,31,86,-241
288,14780,,,"Brenham, TX",Micropolitan Statistical Area,35804,35805,35898,36159,1,93,261
288,14780,,48477,"Washington County, TX",County or equivalent,35804,35805,35898,36159,1,93,261
288,20900,,,"El Campo, TX",Micropolitan Statistical Area,41574,41564,41697,41824,-10,133,127
288,20900,,48481,"Wharton County, TX",County or equivalent,41574,41564,41697,41824,-10,133,127
288,26420,,,"Houston-The Woodlands-Sugar Land, TX",Metropolitan Statistical Area,7122206,7140749,7215837,7340118,18543,75088,124281
288,26420,,48015,"Austin County, TX",County or equivalent,30168,30131,30421,31097,-37,290,676
288,26420,,48039,"Brazoria County, TX",County or equivalent,372040,373481,378858,388181,1441,5377,9323
288,26420,,48071,"Chambers County, TX",County or equivalent,46571,47025,48721,51288,454,1696,2567
288,26420,,48157,"Fort Bend County, TX",County or equivalent,822779,829036,860124,889146,6257,31088,29022
288,26420,,48167,"Galveston County, TX",County or equivalent,350673,351559,355309,357117,886,3750,1808
288,26420,,48201,"Harris County, TX",County or equivalent,4731129,4734505,4735287,4780913,3376,782,45626
288,26420,,48291,"Liberty County, TX",County or equivalent,91632,92465,97382,101992,833,4917,4610
288,26420,,48339,"Montgomery County, TX",County or equivalent,620451,625243,650261,678490,4792,25018,28229
288,26420,,48473,"Waller County, TX",County or equivalent,56763,57304,59474,61894,541,2170,2420
288,26660,,,"Huntsville, TX",Micropolitan Statistical Area,76402,76544,78322,78870,142,1778,548
288,26660,,48471,"Walker County, TX",County or equivalent,76402,76544,78322,78870,142,1778,548
290,,,,"Huntsville-Decatur, AL",Combined Statistical Area,648221,651069,660500,671890,2848,9431,11390
290,19460,,,"Decatur, AL",Metropolitan Statistical Area,156498,156377,156526,157425,-121,149,899
290,19460,,1079,"Lawrence County, AL",County or equivalent,33077,33089,33123,33214,12,34,91
290,19460,,1103,"Morgan County, AL",County or equivalent,123421,123288,123403,124211,-133,115,808
290,26620,,,"Huntsville, AL",Metropolitan Statistical Area,491723,494692,503974,514465,2969,9282,10491
290,26620,,1083,"Limestone County, AL",County or equivalent,103563,104190,107381,110900,627,3191,3519
290,26620,,1089,"Madison County, AL",County or equivalent,388160,390502,396593,403565,2342,6091,6972
292,,,,"Idaho Falls-Rexburg-Blackfoot, ID",Combined Statistical Area,271705,272825,279566,284485,1120,6741,4919
292,13940,,,"Blackfoot, ID",Micropolitan Statistical Area,47995,48106,48898,49923,111,792,1025
292,13940,,16011,"Bingham County, ID",County or equivalent,47995,48106,48898,49923,111,792,1025
292,26820,,,"Idaho Falls, ID",Metropolitan Statistical Area,157419,158376,162948,165608,957,4572,2660
292,26820,,16019,"Bonneville County, ID",County or equivalent,123955,124716,128045,129496,761,3329,1451
292,26820,,16023,"Butte County, ID",County or equivalent,2575,2583,2650,2684,8,67,34
292,26820,,16051,"Jefferson County, ID",County or equivalent,30889,31077,32253,33428,188,1176,1175
292,39940,,,"Rexburg, ID",Micropolitan Statistical Area,66291,66343,67720,68954,52,1377,1234
292,39940,,16043,"Fremont County, ID",County or equivalent,13383,13414,13606,13978,31,192,372
292,39940,,16065,"Madison County, ID",County or equivalent,52908,52929,54114,54976,21,1185,862
294,,,,"Indianapolis-Carmel-Muncie, IN",Combined Statistical Area,2492574,2495310,2510586,2524790,2736,15276,14204
294,18020,,,"Columbus, IN",Metropolitan Statistical Area,82218,82216,82730,83540,-2,514,810
294,18020,,18005,"Bartholomew County, IN",County or equivalent,82218,82216,82730,83540,-2,514,810
294,18820,,,"Crawfordsville, IN",Micropolitan Statistical Area,37941,37942,38061,38273,1,119,212
294,18820,,18107,"Montgomery County, IN",County or equivalent,37941,37942,38061,38273,1,119,212
294,24700,,,"Greensburg, IN",Micropolitan Statistical Area,26471,26465,26322,26416,-6,-143,94
294,24700,,18031,"Decatur County, IN",County or equivalent,26471,26465,26322,26416,-6,-143,94
294,26900,,,"Indianapolis-Carmel-Anderson, IN",Metropolitan Statistical Area,2111084,2113979,2128664,2141779,2895,14685,13115
294,26900,,18011,"Boone County, IN",County or equivalent,70814,71134,73006,74164,320,1872,1158
294,26900,,18013,"Brown County, IN",County or equivalent,15475,15482,15573,15570,7,91,-3
294,26900,,18057,"Hamilton County, IN",County or equivalent,347465,348966,357330,364921,1501,8364,7591
294,26900,,18059,"Hancock County, IN",County or equivalent,79851,80187,81855,83070,336,1668,1215
294,26900,,18063,"Hendricks County, IN",County or equivalent,174792,175575,179555,182534,783,3980,2979
294,26900,,18081,"Johnson County, IN",County or equivalent,161768,162224,164418,165782,456,2194,1364
294,26900,,18095,"Madison County, IN",County or equivalent,130141,130195,130979,131744,54,784,765
294,26900,,18097,"Marion County, IN",County or equivalent,977213,976631,971647,969466,-582,-4984,-2181
294,26900,,18109,"Morgan County, IN",County or equivalent,71785,71848,72260,72236,63,412,-24
294,26900,,18133,"Putnam County, IN",County or equivalent,36728,36679,37016,37301,-49,337,285
294,26900,,18145,"Shelby County, IN",County or equivalent,45052,45058,45025,44991,6,-33,-34
294,34620,,,"Muncie, IN",Metropolitan Statistical Area,111909,111763,111981,112031,-146,218,50
294,34620,,18035,"Delaware County, IN",County or equivalent,111909,111763,111981,112031,-146,218,50
294,35220,,,"New Castle, IN",Micropolitan Statistical Area,48912,48903,49036,48915,-9,133,-121
294,35220,,18065,"Henry County, IN",County or equivalent,48912,48903,49036,48915,-9,133,-121
294,35860,,,"North Vernon, IN",Micropolitan Statistical Area,27614,27581,27507,27536,-33,-74,29
294,35860,,18079,"Jennings County, IN",County or equivalent,27614,27581,27507,27536,-33,-74,29
294,42980,,,"Seymour, IN",Micropolitan Statistical Area,46425,46461,46285,46300,36,-176,15
294,42980,,18071,"Jackson County, IN",County or equivalent,46425,46461,46285,46300,36,-176,15
296,,,,"Ithaca-Cortland, NY",Combined Statistical Area,152558,146534,152533,150903,-6024,5999,-1630
296,18660,,,"Cortland, NY",Micropolitan Statistical Area,46814,46750,46489,46126,-64,-261,-363
296,18660,,36023,"Cortland County, NY",County or equivalent,46814,46750,46489,46126,-64,-261,-363
296,27060,,,"Ithaca, NY",Metropolitan Statistical Area,105744,99784,106044,104777,-5960,6260,-1267
296,27060,,36109,"Tompkins County, NY",County or equivalent,105744,99784,106044,104777,-5960,6260,-1267
297,,,,"Jackson-Brownsville, TN",Combined Statistical Area,198371,198373,198309,199129,2,-64,820
297,15140,,,"Brownsville, TN",Micropolitan Statistical Area,17862,17824,17715,17550,-38,-109,-165
297,15140,,47075,"Haywood County, TN",County or equivalent,17862,17824,17715,17550,-38,-109,-165
297,27180,,,"Jackson, TN",Metropolitan Statistical Area,180509,180549,180594,181579,40,45,985
297,27180,,47023,"Chester County, TN",County or equivalent,17348,17377,17479,17609,29,102,130
297,27180,,47033,"Crockett County, TN",County or equivalent,13909,13903,13993,13888,-6,90,-105
297,27180,,47053,"Gibson County, TN",County or equivalent,50409,50436,50537,50837,27,101,300
297,27180,,47113,"Madison County, TN",County or equivalent,98843,98833,98585,99245,-10,-248,660
298,,,,"Jackson-Vicksburg-Brookhaven, MS",Combined Statistical Area,671622,670239,665488,660563,-1383,-4751,-4925
298,15020,,,"Brookhaven, MS",Micropolitan Statistical Area,34906,34822,34907,34717,-84,85,-190
298,15020,,28085,"Lincoln County, MS",County or equivalent,34906,34822,34907,34717,-84,85,-190
298,27140,,,"Jackson, MS",Metropolitan Statistical Area,591995,590873,587131,583197,-1122,-3742,-3934
298,27140,,28029,"Copiah County, MS",County or equivalent,28371,28268,27927,27719,-103,-341,-208
298,27140,,28049,"Hinds County, MS",County or equivalent,227750,226763,222508,217730,-987,-4255,-4778
298,27140,,28051,"Holmes County, MS",County or equivalent,17001,16879,16476,16121,-122,-403,-355
298,27140,,28089,"Madison County, MS",County or equivalent,109149,109251,109919,111113,102,668,1194
298,27140,,28121,"Rankin County, MS",County or equivalent,157026,157149,158183,158979,123,1034,796
298,27140,,28127,"Simpson County, MS",County or equivalent,25950,25892,25686,25587,-58,-206,-99
298,27140,,28163,"Yazoo County, MS",County or equivalent,26748,26671,26432,25948,-77,-239,-484
298,46980,,,"Vicksburg, MS",Micropolitan Statistical Area,44721,44544,43450,42649,-177,-1094,-801
298,46980,,28149,"Warren County, MS",County or equivalent,44721,44544,43450,42649,-177,-1094,-801
300,,,,"Jacksonville-St. Marys-Palatka, FL-GA",Combined Statistical Area,1733951,1741065,1770839,1807412,7114,29774,36573
300,27260,,,"Jacksonville, FL",Metropolitan Statistical Area,1605855,1612764,1641026,1675668,6909,28262,34642
300,27260,,12003,"Baker County, FL",County or equivalent,28263,28115,28673,27803,-148,558,-870
300,27260,,12019,"Clay County, FL",County or equivalent,218250,218933,222533,226589,683,3600,4056
300,27260,,12031,"Duval County, FL",County or equivalent,995560,997604,1002252,1016536,2044,4648,14284
300,27260,,12089,"Nassau County, FL",County or equivalent,90355,91027,94393,97899,672,3366,3506
300,27260,,12109,"St. Johns County, FL",County or equivalent,273427,277085,293175,306841,3658,16090,13666
300,37260,,,"Palatka, FL",Micropolitan Statistical Area,73327,73376,74059,74731,49,683,672
300,37260,,12107,"Putnam County, FL",County or equivalent,73327,73376,74059,74731,49,683,672
300,41220,,,"St. Marys, GA",Micropolitan Statistical Area,54769,54925,55754,57013,156,829,1259
300,41220,,13039,"Camden County, GA",County or equivalent,54769,54925,55754,57013,156,829,1259
304,,,,"Johnson City-Kingsport-Bristol, TN-VA",Combined Statistical Area,514877,515174,516046,521528,297,872,5482
304,27740,,,"Johnson City, TN",Metropolitan Statistical Area,207278,207458,207252,210256,180,-206,3004
304,27740,,47019,"Carter County, TN",County or equivalent,56349,56362,56060,56410,13,-302,350
304,27740,,47171,"Unicoi County, TN",County or equivalent,17924,17883,17667,17674,-41,-216,7
304,27740,,47179,"Washington County, TN",County or equivalent,133005,133213,133525,136172,208,312,2647
304,28700,,,"Kingsport-Bristol, TN-VA",Metropolitan Statistical Area,307599,307716,308794,311272,117,1078,2478
304,28700,,47073,"Hawkins County, TN",County or equivalent,56718,56710,57257,58043,-8,547,786
304,28700,,47163,"Sullivan County, TN",County or equivalent,158161,158237,159167,160820,76,930,1653
304,28700,,51169,"Scott County, VA",County or equivalent,21568,21585,21482,21476,17,-103,-6
304,28700,,51191,"Washington County, VA",County or equivalent,53934,53889,53793,53958,-45,-96,165
304,28700,,51520,"Bristol city, VA",County or equivalent,17218,17295,17095,16975,77,-200,-120
306,,,,"Johnstown-Somerset, PA",Combined Statistical Area,207624,207215,205280,204151,-409,-1935,-1129
306,27780,,,"Johnstown, PA",Metropolitan Statistical Area,133477,133199,132281,131441,-278,-918,-840
306,27780,,42021,"Cambria County, PA",County or equivalent,133477,133199,132281,131441,-278,-918,-840
306,43740,,,"Somerset, PA",Micropolitan Statistical Area,74147,74016,72999,72710,-131,-1017,-289
306,43740,,42111,"Somerset County, PA",County or equivalent,74147,74016,72999,72710,-131,-1017,-289
308,,,,"Jonesboro-Paragould, AR",Combined Statistical Area,179938,180419,180867,181960,481,448,1093
308,27860,,,"Jonesboro, AR",Metropolitan Statistical Area,134198,134555,134518,135512,357,-37,994
308,27860,,5031,"Craighead County, AR",County or equivalent,111233,111603,111788,113017,370,185,1229
308,27860,,5111,"Poinsett County, AR",County or equivalent,22965,22952,22730,22495,-13,-222,-235
308,37500,,,"Paragould, AR",Micropolitan Statistical Area,45740,45864,46349,46448,124,485,99
308,37500,,5055,"Greene County, AR",County or equivalent,45740,45864,46349,46448,124,485,99
309,,,,"Joplin-Miami, MO-OK",Combined Statistical Area,211685,211791,213162,214424,106,1371,1262
309,27900,,,"Joplin, MO",Metropolitan Statistical Area,181394,181562,182762,184086,168,1200,1324
309,27900,,29097,"Jasper County, MO",County or equivalent,122750,122878,123325,124075,128,447,750
309,27900,,29145,"Newton County, MO",County or equivalent,58644,58684,59437,60011,40,753,574
309,33060,,,"Miami, OK",Micropolitan Statistical Area,30291,30229,30400,30338,-62,171,-62
309,33060,,40115,"Ottawa County, OK",County or equivalent,30291,30229,30400,30338,-62,171,-62
310,,,,"Kalamazoo-Battle Creek-Portage, MI",Combined Statistical Area,501755,501750,500618,499867,-5,-1132,-751
310,12980,,,"Battle Creek, MI",Metropolitan Statistical Area,134293,134184,133878,133289,-109,-306,-589
310,12980,,26025,"Calhoun County, MI",County or equivalent,134293,134184,133878,133289,-109,-306,-589
310,17740,,,"Coldwater, MI",Micropolitan Statistical Area,44860,44868,45202,44531,8,334,-671
310,17740,,26023,"Branch County, MI",County or equivalent,44860,44868,45202,44531,8,334,-671
310,28020,,,"Kalamazoo-Portage, MI",Metropolitan Statistical Area,261663,261767,260688,261173,104,-1079,485
310,28020,,26077,"Kalamazoo County, MI",County or equivalent,261663,261767,260688,261173,104,-1079,485
310,44780,,,"Sturgis, MI",Micropolitan Statistical Area,60939,60931,60850,60874,-8,-81,24
310,44780,,26149,"St. Joseph County, MI",County or equivalent,60939,60931,60850,60874,-8,-81,24
312,,,,"Kansas City-Overland Park-Kansas City, MO-KS",Combined Statistical Area,2528619,2531795,2539675,2545616,3176,7880,5941
312,11860,,,"Atchison, KS",Micropolitan Statistical Area,16341,16318,16257,16108,-23,-61,-149
312,11860,,20005,"Atchison County, KS",County or equivalent,16341,16318,16257,16108,-23,-61,-149
312,28140,,,"Kansas City, MO-KS",Metropolitan Statistical Area,2192030,2195043,2202933,2209494,3013,7890,6561
312,28140,,20091,"Johnson County, KS",County or equivalent,609864,611101,614848,619195,1237,3747,4347
312,28140,,20103,"Leavenworth County, KS",County or equivalent,81897,81953,82322,82892,56,369,570
312,28140,,20107,"Linn County, KS",County or equivalent,9591,9586,9730,9796,-5,144,66
312,28140,,20121,"Miami County, KS",County or equivalent,34205,34232,34665,34867,27,433,202
312,28140,,20209,"Wyandotte County, KS",County or equivalent,169230,168904,167290,165746,-326,-1614,-1544
312,28140,,29013,"Bates County, MO",County or equivalent,16032,16045,16084,16177,13,39,93
312,28140,,29025,"Caldwell County, MO",County or equivalent,8813,8824,8896,8933,11,72,37
312,28140,,29037,"Cass County, MO",County or equivalent,107816,108145,109751,110394,329,1606,643
312,28140,,29047,"Clay County, MO",County or equivalent,253322,254112,255860,257033,790,1748,1173
312,28140,,29049,"Clinton County, MO",County or equivalent,21182,21210,21258,21328,28,48,70
312,28140,,29095,"Jackson County, MO",County or equivalent,717206,717572,717616,716531,366,44,-1085
312,28140,,29107,"Lafayette County, MO",County or equivalent,32994,33062,32832,32961,68,-230,129
312,28140,,29165,"Platte County, MO",County or equivalent,106718,107168,108720,110534,450,1552,1814
312,28140,,29177,"Ray County, MO",County or equivalent,23160,23129,23061,23107,-31,-68,46
312,29940,,,"Lawrence, KS",Metropolitan Statistical Area,118784,118777,119480,119964,-7,703,484
312,29940,,20045,"Douglas County, KS",County or equivalent,118784,118777,119480,119964,-7,703,484
312,36840,,,"Ottawa, KS",Micropolitan Statistical Area,25994,26008,26021,25992,14,13,-29
312,36840,,20059,"Franklin County, KS",County or equivalent,25994,26008,26021,25992,14,13,-29
312,41140,,,"St. Joseph, MO-KS",Metropolitan Statistical Area,121463,121631,120814,119690,168,-817,-1124
312,41140,,20043,"Doniphan County, KS",County or equivalent,7498,7463,7442,7440,-35,-21,-2
312,41140,,29003,"Andrew County, MO",County or equivalent,18128,18098,18009,18003,-30,-89,-6
312,41140,,29021,"Buchanan County, MO",County or equivalent,84798,84460,83655,82911,-338,-805,-744
312,41140,,29063,"DeKalb County, MO",County or equivalent,11039,11610,11708,11336,571,98,-372
312,47660,,,"Warrensburg, MO",Micropolitan Statistical Area,54007,54018,54170,54368,11,152,198
312,47660,,29101,"Johnson County, MO",County or equivalent,54007,54018,54170,54368,11,152,198
313,,,,"Kennewick-Richland-Walla Walla, WA",Combined Statistical Area,366207,367175,370869,373359,968,3694,2490
313,28420,,,"Kennewick-Richland, WA",Metropolitan Statistical Area,303621,304556,308711,311469,935,4155,2758
313,28420,,53005,"Benton County, WA",County or equivalent,206875,207413,210585,212791,538,3172,2206
313,28420,,53021,"Franklin County, WA",County or equivalent,96746,97143,98126,98678,397,983,552
313,47460,,,"Walla Walla, WA",Metropolitan Statistical Area,62586,62619,62158,61890,33,-461,-268
313,47460,,53071,"Walla Walla County, WA",County or equivalent,62586,62619,62158,61890,33,-461,-268
314,,,,"Kerrville-Fredericksburg, TX",Combined Statistical Area,79316,79433,80418,81218,117,985,800
314,23240,,,"Fredericksburg, TX",Micropolitan Statistical Area,26722,26742,27282,27477,20,540,195
314,23240,,48171,"Gillespie County, TX",County or equivalent,26722,26742,27282,27477,20,540,195
314,28500,,,"Kerrville, TX",Micropolitan Statistical Area,52594,52691,53136,53741,97,445,605
314,28500,,48265,"Kerr County, TX",County or equivalent,52594,52691,53136,53741,97,445,605
315,,,,"Knoxville-Morristown-Sevierville, TN",Combined Statistical Area,1156881,1159877,1172852,1189808,2996,12975,16956
315,28940,,,"Knoxville, TN",Metropolitan Statistical Area,879786,882268,893262,907968,2482,10994,14706
315,28940,,47001,"Anderson County, TN",County or equivalent,77136,77302,77567,78913,166,265,1346
315,28940,,47009,"Blount County, TN",County or equivalent,135283,135649,137649,139958,366,2000,2309
315,28940,,47013,"Campbell County, TN",County or equivalent,39277,39301,39409,39584,24,108,175
315,28940,,47093,"Knox County, TN",County or equivalent,478981,480500,486812,494574,1519,6312,7762
315,28940,,47105,"Loudon County, TN",County or equivalent,54887,55127,56672,58181,240,1545,1509
315,28940,,47129,"Morgan County, TN",County or equivalent,21027,21038,21101,21224,11,63,123
315,28940,,47145,"Roane County, TN",County or equivalent,53393,53510,54056,55082,117,546,1026
315,28940,,47173,"Union County, TN",County or equivalent,19802,19841,19996,20452,39,155,456
315,34100,,,"Morristown, TN",Metropolitan Statistical Area,142706,143008,143785,146172,302,777,2387
315,34100,,47057,"Grainger County, TN",County or equivalent,23527,23563,23833,24277,36,270,444
315,34100,,47063,"Hamblen County, TN",County or equivalent,64500,64537,64390,65168,37,-147,778
315,34100,,47089,"Jefferson County, TN",County or equivalent,54679,54908,55562,56727,229,654,1165
315,35460,,,"Newport, TN",Micropolitan Statistical Area,35998,36039,36370,36879,41,331,509
315,35460,,47029,"Cocke County, TN",County or equivalent,35998,36039,36370,36879,41,331,509
315,42940,,,"Sevierville, TN",Micropolitan Statistical Area,98391,98562,99435,98789,171,873,-646
315,42940,,47155,"Sevier County, TN",County or equivalent,98391,98562,99435,98789,171,873,-646
316,,,,"Kokomo-Peru, IN",Combined Statistical Area,119631,119501,119674,119248,-130,173,-426
316,29020,,,"Kokomo, IN",Metropolitan Statistical Area,83659,83588,83642,83574,-71,54,-68
316,29020,,18067,"Howard County, IN",County or equivalent,83659,83588,83642,83574,-71,54,-68
316,37940,,,"Peru, IN",Micropolitan Statistical Area,35972,35913,36032,35674,-59,119,-358
316,37940,,18103,"Miami County, IN",County or equivalent,35972,35913,36032,35674,-59,119,-358
318,,,,"Lafayette-Opelousas-Morgan City, LA",Combined Statistical Area,610314,609665,610380,610687,-649,715,307
318,29180,,,"Lafayette, LA",Metropolitan Statistical Area,478357,478220,479909,481125,-137,1689,1216
318,29180,,22001,"Acadia Parish, LA",County or equivalent,57569,57472,57262,56744,-97,-210,-518
318,29180,,22045,"Iberia Parish, LA",County or equivalent,70293,70054,69298,68327,-239,-756,-971
318,29180,,22055,"Lafayette Parish, LA",County or equivalent,241756,242148,244922,247866,392,2774,2944
318,29180,,22099,"St. Martin Parish, LA",County or equivalent,51766,51628,51573,51236,-138,-55,-337
318,29180,,22113,"Vermilion Parish, LA",County or equivalent,56973,56918,56854,56952,-55,-64,98
318,34020,,,"Morgan City, LA",Micropolitan Statistical Area,49405,49143,48188,47789,-262,-955,-399
318,34020,,22101,"St. Mary Parish, LA",County or equivalent,49405,49143,48188,47789,-262,-955,-399
318,36660,,,"Opelousas, LA",Micropolitan Statistical Area,82552,82302,82283,81773,-250,-19,-510
318,36660,,22097,"St. Landry Parish, LA",County or equivalent,82552,82302,82283,81773,-250,-19,-510
320,,,,"Lafayette-West Lafayette-Frankfort, IN",Combined Statistical Area,256897,257014,258266,259295,117,1252,1029
320,23140,,,"Frankfort, IN",Micropolitan Statistical Area,33188,33174,33025,32843,-14,-149,-182
320,23140,,18023,"Clinton County, IN",County or equivalent,33188,33174,33025,32843,-14,-149,-182
320,29200,,,"Lafayette-West Lafayette, IN",Metropolitan Statistical Area,223709,223840,225241,226452,131,1401,1211
320,29200,,18007,"Benton County, IN",County or equivalent,8720,8716,8714,8719,-4,-2,5
320,29200,,18015,"Carroll County, IN",County or equivalent,20304,20331,20502,20555,27,171,53
320,29200,,18157,"Tippecanoe County, IN",County or equivalent,186249,186369,187566,188717,120,1197,1151
320,29200,,18171,"Warren County, IN",County or equivalent,8436,8424,8459,8461,-12,35,2
324,,,,"Lake Charles-Jennings, LA",Combined Statistical Area,254648,254298,242607,239346,-350,-11691,-3261
324,27660,,,"Jennings, LA",Micropolitan Statistical Area,32250,32210,32413,32026,-40,203,-387
324,27660,,22053,"Jefferson Davis Parish, LA",County or equivalent,32250,32210,32413,32026,-40,203,-387
324,29340,,,"Lake Charles, LA",Metropolitan Statistical Area,222398,222088,210194,207320,-310,-11894,-2874
324,29340,,22019,"Calcasieu Parish, LA",County or equivalent,216779,216465,205095,202418,-314,-11370,-2677
324,29340,,22023,"Cameron Parish, LA",County or equivalent,5619,5623,5099,4902,4,-524,-197
332,,,,"Las Vegas-Henderson, NV",Combined Statistical Area,2317059,2326694,2348471,2377723,9635,21777,29252
332,29820,,,"Las Vegas-Henderson-Paradise, NV",Metropolitan Statistical Area,2265469,2274734,2295194,2322985,9265,20460,27791
332,29820,,32003,"Clark County, NV",County or equivalent,2265469,2274734,2295194,2322985,9265,20460,27791
332,37220,,,"Pahrump, NV",Micropolitan Statistical Area,51590,51960,53277,54738,370,1317,1461
332,37220,,32023,"Nye County, NV",County or equivalent,51590,51960,53277,54738,370,1317,1461
336,,,,"Lexington-Fayette--Richmond--Frankfort, KY",Combined Statistical Area,746052,746936,747130,750424,884,194,3294
336,23180,,,"Frankfort, KY",Micropolitan Statistical Area,75390,75459,75726,75831,69,267,105
336,23180,,21005,"Anderson County, KY",County or equivalent,23851,23870,24043,24224,19,173,181
336,23180,,21073,"Franklin County, KY",County or equivalent,51539,51589,51683,51607,50,94,-76
336,30460,,,"Lexington-Fayette, KY",Metropolitan Statistical Area,516824,517378,516627,517916,554,-751,1289
336,30460,,21017,"Bourbon County, KY",County or equivalent,20250,20290,20218,20093,40,-72,-125
336,30460,,21049,"Clark County, KY",County or equivalent,36993,37037,36925,37061,44,-112,136
336,30460,,21067,"Fayette County, KY",County or equivalent,322567,322613,320473,320347,46,-2140,-126
336,30460,,21113,"Jessamine County, KY",County or equivalent,52987,53016,53609,54254,29,593,645
336,30460,,21209,"Scott County, KY",County or equivalent,57153,57520,58312,59099,367,792,787
336,30460,,21239,"Woodford County, KY",County or equivalent,26874,26902,27090,27062,28,188,-28
336,34460,,,"Mount Sterling, KY",Micropolitan Statistical Area,46965,46955,47214,47446,-10,259,232
336,34460,,21011,"Bath County, KY",County or equivalent,12747,12716,12774,12829,-31,58,55
336,34460,,21165,"Menifee County, KY",County or equivalent,6114,6135,6209,6250,21,74,41
336,34460,,21173,"Montgomery County, KY",County or equivalent,28104,28104,28231,28367,0,127,136
336,40080,,,"Richmond-Berea, KY",Micropolitan Statistical Area,106873,107144,107563,109231,271,419,1668
336,40080,,21065,"Estill County, KY",County or equivalent,14166,14161,14090,14044,-5,-71,-46
336,40080,,21151,"Madison County, KY",County or equivalent,92707,92983,93473,95187,276,490,1714
338,,,,"Lima-Van Wert-Celina, OH",Combined Statistical Area,220090,220013,219177,218180,-77,-836,-997
338,16380,,,"Celina, OH",Micropolitan Statistical Area,42528,42526,42369,42348,-2,-157,-21
338,16380,,39107,"Mercer County, OH",County or equivalent,42528,42526,42369,42348,-2,-157,-21
338,30620,,,"Lima, OH",Metropolitan Statistical Area,102204,102107,101792,101115,-97,-315,-677
338,30620,,39003,"Allen County, OH",County or equivalent,102204,102107,101792,101115,-97,-315,-677
338,46780,,,"Van Wert, OH",Micropolitan Statistical Area,28937,28919,28776,28769,-18,-143,-7
338,46780,,39161,"Van Wert County, OH",County or equivalent,28937,28919,28776,28769,-18,-143,-7
338,47540,,,"Wapakoneta, OH",Micropolitan Statistical Area,46421,46461,46240,45948,40,-221,-292
338,47540,,39011,"Auglaize County, OH",County or equivalent,46421,46461,46240,45948,40,-221,-292
339,,,,"Lincoln-Beatrice, NE",Combined Statistical Area,361929,362411,362615,364031,482,204,1416
339,13100,,,"Beatrice, NE",Micropolitan Statistical Area,21706,21653,21611,21583,-53,-42,-28
339,13100,,31067,"Gage County, NE",County or equivalent,21706,21653,21611,21583,-53,-42,-28
339,30700,,,"Lincoln, NE",Metropolitan Statistical Area,340223,340758,341004,342448,535,246,1444
339,30700,,31109,"Lancaster County, NE",County or equivalent,322615,323144,323420,324756,529,276,1336
339,30700,,31159,"Seward County, NE",County or equivalent,17608,17614,17584,17692,6,-30,108
340,,,,"Little Rock-North Little Rock, AR",Combined Statistical Area,912603,913063,915384,919999,460,2321,4615
340,30780,,,"Little Rock-North Little Rock-Conway, AR",Metropolitan Statistical Area,748036,748940,751937,757615,904,2997,5678
340,30780,,5045,"Faulkner County, AR",County or equivalent,123498,123811,125645,127665,313,1834,2020
340,30780,,5053,"Grant County, AR",County or equivalent,17966,18022,18149,18160,56,127,11
340,30780,,5085,"Lonoke County, AR",County or equivalent,74010,74046,74766,75225,36,720,459
340,30780,,5105,"Perry County, AR",County or equivalent,10021,10000,9989,10063,-21,-11,74
340,30780,,5119,"Pulaski County, AR",County or equivalent,399117,399246,398069,399145,129,-1177,1076
340,30780,,5125,"Saline County, AR",County or equivalent,123424,123815,125319,127357,391,1504,2038
340,38220,,,"Pine Bluff, AR",Metropolitan Statistical Area,87745,87272,86290,84629,-473,-982,-1661
340,38220,,5025,"Cleveland County, AR",County or equivalent,7548,7550,7490,7467,2,-60,-23
340,38220,,5069,"Jefferson County, AR",County or equivalent,67261,66833,65649,64246,-428,-1184,-1403
340,38220,,5079,"Lincoln County, AR",County or equivalent,12936,12889,13151,12916,-47,262,-235
340,42620,,,"Searcy, AR",Micropolitan Statistical Area,76822,76851,77157,77755,29,306,598
340,42620,,5145,"White County, AR",County or equivalent,76822,76851,77157,77755,29,306,598
348,,,,"Los Angeles-Long Beach, CA",Combined Statistical Area,18644703,18627148,18458265,18372485,-17555,-168883,-85780
348,31080,,,"Los Angeles-Long Beach-Anaheim, CA",Metropolitan Statistical Area,13201021,13177752,12972847,12872322,-23269,-204905,-100525
348,31080,11244,,"Anaheim-Santa Ana-Irvine, CA",Metropolitan Division,3186979,3185516,3161005,3151184,-1463,-24511,-9821
348,31080,11244,6059,"Orange County, CA",County or equivalent,3186979,3185516,3161005,3151184,-1463,-24511,-9821
348,31080,31084,,"Los Angeles-Long Beach-Glendale, CA",Metropolitan Division,10014042,9992236,9811842,9721138,-21806,-180394,-90704
348,31080,31084,6037,"Los Angeles County, CA",County or equivalent,10014042,9992236,9811842,9721138,-21806,-180394,-90704
348,37100,,,"Oxnard-Thousand Oaks-Ventura, CA",Metropolitan Statistical Area,843843,843310,839358,832605,-533,-3952,-6753
348,37100,,6111,"Ventura County, CA",County or equivalent,843843,843310,839358,832605,-533,-3952,-6753
348,40140,,,"Riverside-San Bernardino-Ontario, CA",Metropolitan Statistical Area,4599839,4606086,4646060,4667558,6247,39974,21498
348,40140,,6065,"Riverside County, CA",County or equivalent,2418177,2422847,2453178,2473902,4670,30331,20724
348,40140,,6071,"San Bernardino County, CA",County or equivalent,2181662,2183239,2192882,2193656,1577,9643,774
350,,,,"Louisville/Jefferson County--Elizabethtown--Bardstown, KY-IN",Combined Statistical Area,1512091,1512924,1512794,1513559,833,-130,765
350,12680,,,"Bardstown, KY",Micropolitan Statistical Area,46737,46784,47149,47392,47,365,243
350,12680,,21179,"Nelson County, KY",County or equivalent,46737,46784,47149,47392,47,365,243
350,21060,,,"Elizabethtown-Fort Knox, KY",Metropolitan Statistical Area,155574,155723,156922,157026,149,1199,104
350,21060,,21093,"Hardin County, KY",County or equivalent,110694,110816,111766,111862,122,950,96
350,21060,,21123,"Larue County, KY",County or equivalent,14869,14877,15024,15163,8,147,139
350,21060,,21163,"Meade County, KY",County or equivalent,30011,30030,30132,30001,19,102,-131
350,31140,,,"Louisville/Jefferson County, KY-IN",Metropolitan Statistical Area,1285397,1286046,1284286,1284553,649,-1760,267
350,31140,,18019,"Clark County, IN",County or equivalent,121091,121353,122847,124237,262,1494,1390
350,31140,,18043,"Floyd County, IN",County or equivalent,80474,80509,80606,80714,35,97,108
350,31140,,18061,"Harrison County, IN",County or equivalent,39649,39662,39817,39851,13,155,34
350,31140,,18175,"Washington County, IN",County or equivalent,28176,28242,28151,28224,66,-91,73
350,31140,,21029,"Bullitt County, KY",County or equivalent,82226,82355,83076,83836,129,721,760
350,31140,,21103,"Henry County, KY",County or equivalent,15682,15697,15704,15771,15,7,67
350,31140,,21111,"Jefferson County, KY",County or equivalent,782956,782783,777378,773399,-173,-5405,-3979
350,31140,,21185,"Oldham County, KY",County or equivalent,67609,67692,68232,69431,83,540,1199
350,31140,,21211,"Shelby County, KY",County or equivalent,48101,48243,48580,48886,142,337,306
350,31140,,21215,"Spencer County, KY",County or equivalent,19433,19510,19895,20204,77,385,309
350,42500,,,"Scottsburg, IN",Micropolitan Statistical Area,24383,24371,24437,24588,-12,66,151
350,42500,,18143,"Scott County, IN",County or equivalent,24383,24371,24437,24588,-12,66,151
352,,,,"Lubbock-Plainview-Levelland, TX",Combined Statistical Area,375431,376235,378824,381271,804,2589,2447
352,30220,,,"Levelland, TX",Micropolitan Statistical Area,21543,21503,21256,21161,-40,-247,-95
352,30220,,48219,"Hockley County, TX",County or equivalent,21543,21503,21256,21161,-40,-247,-95
352,31180,,,"Lubbock, TX",Metropolitan Statistical Area,321362,322267,325334,328283,905,3067,2949
352,31180,,48107,"Crosby County, TX",County or equivalent,5125,5093,5085,4998,-32,-8,-87
352,31180,,48303,"Lubbock County, TX",County or equivalent,310642,311564,314597,317561,922,3033,2964
352,31180,,48305,"Lynn County, TX",County or equivalent,5595,5610,5652,5724,15,42,72
352,38380,,,"Plainview, TX",Micropolitan Statistical Area,32526,32465,32234,31827,-61,-231,-407
352,38380,,48189,"Hale County, TX",County or equivalent,32526,32465,32234,31827,-61,-231,-407
356,,,,"Macon-Bibb County--Warner Robins, GA",Combined Statistical Area,425436,425974,428562,432109,538,2588,3547
356,31420,,,"Macon-Bibb County, GA",Metropolitan Statistical Area,233806,233591,233161,233916,-215,-430,755
356,31420,,13021,"Bibb County, GA",County or equivalent,157347,157025,155985,156197,-322,-1040,212
356,31420,,13079,"Crawford County, GA",County or equivalent,12130,12103,12139,12140,-27,36,1
356,31420,,13169,"Jones County, GA",County or equivalent,28351,28397,28409,28472,46,12,63
356,31420,,13207,"Monroe County, GA",County or equivalent,27955,28055,28729,29427,100,674,698
356,31420,,13289,"Twiggs County, GA",County or equivalent,8023,8011,7899,7680,-12,-112,-219
356,47580,,,"Warner Robins, GA",Metropolitan Statistical Area,191630,192383,195401,198193,753,3018,2792
356,47580,,13153,"Houston County, GA",County or equivalent,163641,164343,167156,169631,702,2813,2475
356,47580,,13225,"Peach County, GA",County or equivalent,27989,28040,28245,28562,51,205,317
357,,,,"Madison-Janesville-Beloit, WI",Combined Statistical Area,910260,911382,910855,916914,1122,-527,6059
357,12660,,,"Baraboo, WI",Micropolitan Statistical Area,65780,65793,65740,65777,13,-53,37
357,12660,,55111,"Sauk County, WI",County or equivalent,65780,65793,65740,65777,13,-53,37
357,27500,,,"Janesville-Beloit, WI",Metropolitan Statistical Area,163692,163751,164192,164060,59,441,-132
357,27500,,55105,"Rock County, WI",County or equivalent,163692,163751,164192,164060,59,441,-132
357,31540,,,"Madison, WI",Metropolitan Statistical Area,680788,681838,680923,687077,1050,-915,6154
357,31540,,55021,"Columbia County, WI",County or equivalent,58480,58516,58404,58193,36,-112,-211
357,31540,,55025,"Dane County, WI",County or equivalent,561507,562577,561724,568203,1070,-853,6479
357,31540,,55045,"Green County, WI",County or equivalent,37092,37036,37018,36816,-56,-18,-202
357,31540,,55049,"Iowa County, WI",County or equivalent,23709,23709,23777,23865,0,68,88
359,,,,"Mankato-New Ulm, MN",Combined Statistical Area,129507,129618,129617,129795,111,-1,178
359,31860,,,"Mankato, MN",Metropolitan Statistical Area,103593,103715,103734,104072,122,19,338
359,31860,,27013,"Blue Earth County, MN",County or equivalent,69129,69211,69361,69631,82,150,270
359,31860,,27103,"Nicollet County, MN",County or equivalent,34464,34504,34373,34441,40,-131,68
359,35580,,,"New Ulm, MN",Micropolitan Statistical Area,25914,25903,25883,25723,-11,-20,-160
359,35580,,27015,"Brown County, MN",County or equivalent,25914,25903,25883,25723,-11,-20,-160
360,,,,"Mansfield-Ashland-Bucyrus, OH",Combined Statistical Area,219386,219433,219464,219022,47,31,-442
360,11740,,,"Ashland, OH",Micropolitan Statistical Area,52443,52468,52340,52181,25,-128,-159
360,11740,,39005,"Ashland County, OH",County or equivalent,52443,52468,52340,52181,25,-128,-159
360,15340,,,"Bucyrus-Galion, OH",Micropolitan Statistical Area,42010,42003,41797,41522,-7,-206,-275
360,15340,,39033,"Crawford County, OH",County or equivalent,42010,42003,41797,41522,-7,-206,-275
360,31900,,,"Mansfield, OH",Metropolitan Statistical Area,124933,124962,125327,125319,29,365,-8
360,31900,,39139,"Richland County, OH",County or equivalent,124933,124962,125327,125319,29,365,-8
361,,,,"Marinette-Iron Mountain, WI-MI",Combined Statistical Area,95881,95793,95553,95816,-88,-240,263
361,27020,,,"Iron Mountain, MI-WI",Micropolitan Statistical Area,30507,30458,30381,30562,-49,-77,181
361,27020,,26043,"Dickinson County, MI",County or equivalent,25952,25898,25795,25874,-54,-103,79
361,27020,,55037,"Florence County, WI",County or equivalent,4555,4560,4586,4688,5,26,102
361,31940,,,"Marinette, WI-MI",Micropolitan Statistical Area,65374,65335,65172,65254,-39,-163,82
361,31940,,26109,"Menominee County, MI",County or equivalent,23500,23450,23323,23266,-50,-127,-57
361,31940,,55075,"Marinette County, WI",County or equivalent,41874,41885,41849,41988,11,-36,139
362,,,,"Martin-Union City, TN",Combined Statistical Area,63690,63666,63368,63457,-24,-298,89
362,32280,,,"Martin, TN",Micropolitan Statistical Area,32902,32899,32870,33063,-3,-29,193
362,32280,,47183,"Weakley County, TN",County or equivalent,32902,32899,32870,33063,-3,-29,193
362,46460,,,"Union City, TN",Micropolitan Statistical Area,30788,30767,30498,30394,-21,-269,-104
362,46460,,47131,"Obion County, TN",County or equivalent,30788,30767,30498,30394,-21,-269,-104
365,,,,"McAllen-Edinburg, TX",Combined Statistical Area,936714,938667,946605,954095,1953,7938,7490
365,32580,,,"McAllen-Edinburg-Mission, TX",Metropolitan Statistical Area,870796,872806,880633,888367,2010,7827,7734
365,32580,,48215,"Hidalgo County, TX",County or equivalent,870796,872806,880633,888367,2010,7827,7734
365,40100,,,"Rio Grande City-Roma, TX",Micropolitan Statistical Area,65918,65861,65972,65728,-57,111,-244
365,40100,,48427,"Starr County, TX",County or equivalent,65918,65861,65972,65728,-57,111,-244
366,,,,"Medford-Grants Pass, OR",Combined Statistical Area,311354,311849,312917,309374,495,1068,-3543
366,24420,,,"Grants Pass, OR",Metropolitan Statistical Area,88092,88235,88590,87730,143,355,-860
366,24420,,41033,"Josephine County, OR",County or equivalent,88092,88235,88590,87730,143,355,-860
366,32780,,,"Medford, OR",Metropolitan Statistical Area,223262,223614,224327,221644,352,713,-2683
366,32780,,41029,"Jackson County, OR",County or equivalent,223262,223614,224327,221644,352,713,-2683
368,,,,"Memphis-Forrest City, TN-MS-AR",Combined Statistical Area,1360876,1361404,1358108,1354756,528,-3296,-3352
368,22620,,,"Forrest City, AR",Micropolitan Statistical Area,23089,23013,22701,22451,-76,-312,-250
368,22620,,5123,"St. Francis County, AR",County or equivalent,23089,23013,22701,22451,-76,-312,-250
368,32820,,,"Memphis, TN-MS-AR",Metropolitan Statistical Area,1337787,1338391,1335407,1332305,604,-2984,-3102
368,32820,,5035,"Crittenden County, AR",County or equivalent,48169,48086,47475,47061,-83,-611,-414
368,32820,,28033,"DeSoto County, MS",County or equivalent,185317,186107,189042,191723,790,2935,2681
368,32820,,28093,"Marshall County, MS",County or equivalent,33755,33778,33820,34110,23,42,290
368,32820,,28137,"Tate County, MS",County or equivalent,28066,28117,28118,28296,51,1,178
368,32820,,28143,"Tunica County, MS",County or equivalent,9777,9723,9652,9458,-54,-71,-194
368,32820,,47047,"Fayette County, TN",County or equivalent,42002,42151,42899,43630,149,748,731
368,32820,,47157,"Shelby County, TN",County or equivalent,929722,929388,923352,916371,-334,-6036,-6981
368,32820,,47167,"Tipton County, TN",County or equivalent,60979,61041,61049,61656,62,8,607
370,,,,"Miami-Port St. Lucie-Fort Lauderdale, FL",Combined Statistical Area,6868666,6866317,6859984,6909110,-2349,-6333,49126
370,28580,,,"Key West, FL",Micropolitan Statistical Area,82879,82852,82265,81708,-27,-587,-557
370,28580,,12087,"Monroe County, FL",County or equivalent,82879,82852,82265,81708,-27,-587,-557
370,33100,,,"Miami-Fort Lauderdale-Pompano Beach, FL",Metropolitan Statistical Area,6138336,6132940,6109373,6139340,-5396,-23567,29967
370,33100,22744,,"Fort Lauderdale-Pompano Beach-Sunrise, FL",Metropolitan Division,1944376,1943266,1935729,1947026,-1110,-7537,11297
370,33100,22744,12011,"Broward County, FL",County or equivalent,1944376,1943266,1935729,1947026,-1110,-7537,11297
370,33100,33124,,"Miami-Miami Beach-Kendall, FL",Metropolitan Division,2701762,2695501,2670421,2673837,-6261,-25080,3416
370,33100,33124,12086,"Miami-Dade County, FL",County or equivalent,2701762,2695501,2670421,2673837,-6261,-25080,3416
370,33100,48424,,"West Palm Beach-Boca Raton-Boynton Beach, FL",Metropolitan Division,1492198,1494173,1503223,1518477,1975,9050,15254
370,33100,48424,12099,"Palm Beach County, FL",County or equivalent,1492198,1494173,1503223,1518477,1975,9050,15254
370,38940,,,"Port St. Lucie, FL",Metropolitan Statistical Area,487662,490086,504532,520710,2424,14446,16178
370,38940,,12085,"Martin County, FL",County or equivalent,158435,158658,160249,162006,223,1591,1757
370,38940,,12111,"St. Lucie County, FL",County or equivalent,329227,331428,344283,358704,2201,12855,14421
370,42680,,,"Sebastian-Vero Beach, FL",Metropolitan Statistical Area,159789,160439,163814,167352,650,3375,3538
370,42680,,12061,"Indian River County, FL",County or equivalent,159789,160439,163814,167352,650,3375,3538
372,,,,"Midland-Odessa, TX",Combined Statistical Area,340394,341085,334178,338085,691,-6907,3907
372,33260,,,"Midland, TX",Metropolitan Statistical Area,175223,175600,173414,177216,377,-2186,3802
372,33260,,48317,"Martin County, TX",County or equivalent,5239,5252,5208,5217,13,-44,9
372,33260,,48329,"Midland County, TX",County or equivalent,169984,170348,168206,171999,364,-2142,3793
372,36220,,,"Odessa, TX",Metropolitan Statistical Area,165171,165485,160764,160869,314,-4721,105
372,36220,,48135,"Ector County, TX",County or equivalent,165171,165485,160764,160869,314,-4721,105
376,,,,"Milwaukee-Racine-Waukesha, WI",Combined Statistical Area,2053216,2052781,2039167,2035084,-435,-13614,-4083
376,13180,,,"Beaver Dam, WI",Micropolitan Statistical Area,89398,89353,88657,88282,-45,-696,-375
376,13180,,55027,"Dodge County, WI",County or equivalent,89398,89353,88657,88282,-45,-696,-375
376,33340,,,"Milwaukee-Waukesha, WI",Metropolitan Statistical Area,1574721,1574391,1563075,1559792,-330,-11316,-3283
376,33340,,55079,"Milwaukee County, WI",County or equivalent,939495,938527,924207,918661,-968,-14320,-5546
376,33340,,55089,"Ozaukee County, WI",County or equivalent,91499,91613,92551,93009,114,938,458
376,33340,,55131,"Washington County, WI",County or equivalent,136756,136784,137237,137688,28,453,451
376,33340,,55133,"Waukesha County, WI",County or equivalent,406971,407467,409080,410434,496,1613,1354
376,39540,,,"Racine, WI",Metropolitan Statistical Area,197720,197536,196439,195846,-184,-1097,-593
376,39540,,55101,"Racine County, WI",County or equivalent,197720,197536,196439,195846,-184,-1097,-593
376,48020,,,"Watertown-Fort Atkinson, WI",Micropolitan Statistical Area,86151,86193,85796,85784,42,-397,-12
376,48020,,55055,"Jefferson County, WI",County or equivalent,86151,86193,85796,85784,42,-397,-12
376,48580,,,"Whitewater, WI",Micropolitan Statistical Area,105226,105308,105200,105380,82,-108,180
376,48580,,55127,"Walworth County, WI",County or equivalent,105226,105308,105200,105380,82,-108,180
378,,,,"Minneapolis-St. Paul, MN-WI",Combined Statistical Area,4078787,4082458,4081236,4085415,3671,-1222,4179
378,22060,,,"Faribault-Northfield, MN",Micropolitan Statistical Area,67098,67086,67375,67693,-12,289,318
378,22060,,27131,"Rice County, MN",County or equivalent,67098,67086,67375,67693,-12,289,318
378,26780,,,"Hutchinson, MN",Micropolitan Statistical Area,36759,36738,36807,36714,-21,69,-93
378,26780,,27085,"McLeod County, MN",County or equivalent,36759,36738,36807,36714,-21,69,-93
378,33460,,,"Minneapolis-St. Paul-Bloomington, MN-WI",Metropolitan Statistical Area,3690272,3693860,3690987,3693729,3588,-2873,2742
378,33460,,27003,"Anoka County, MN",County or equivalent,363892,364458,367416,368864,566,2958,1448
378,33460,,27019,"Carver County, MN",County or equivalent,106914,107284,108826,110034,370,1542,1208
378,33460,,27025,"Chisago County, MN",County or equivalent,56621,56713,57544,57988,92,831,444
378,33460,,27037,"Dakota County, MN",County or equivalent,439884,440393,442773,443341,509,2380,568
378,33460,,27053,"Hennepin County, MN",County or equivalent,1281568,1281568,1266736,1260121,0,-14832,-6615
378,33460,,27059,"Isanti County, MN",County or equivalent,41133,41385,41951,42727,252,566,776
378,33460,,27079,"Le Sueur County, MN",County or equivalent,28672,28639,28918,29153,-33,279,235
378,33460,,27095,"Mille Lacs County, MN",County or equivalent,26467,26462,26892,27280,-5,430,388
378,33460,,27123,"Ramsey County, MN",County or equivalent,552362,551699,542861,536413,-663,-8838,-6448
378,33460,,27139,"Scott County, MN",County or equivalent,150930,151350,153408,154520,420,2058,1112
378,33460,,27141,"Sherburne County, MN",County or equivalent,97186,97580,99248,100824,394,1668,1576
378,33460,,27163,"Washington County, MN",County or equivalent,267563,268372,272610,275912,809,4238,3302
378,33460,,27171,"Wright County, MN",County or equivalent,141336,141860,145143,148003,524,3283,2860
378,33460,,55093,"Pierce County, WI",County or equivalent,42205,42223,41606,42532,18,-617,926
378,33460,,55109,"St. Croix County, WI",County or equivalent,93539,93874,95055,96017,335,1181,962
378,36940,,,"Owatonna, MN",Micropolitan Statistical Area,37400,37375,37409,37398,-25,34,-11
378,36940,,27147,"Steele County, MN",County or equivalent,37400,37375,37409,37398,-25,34,-11
378,39860,,,"Red Wing, MN",Micropolitan Statistical Area,47580,47575,48018,48013,-5,443,-5
378,39860,,27049,"Goodhue County, MN",County or equivalent,47580,47575,48018,48013,-5,443,-5
378,41060,,,"St. Cloud, MN",Metropolitan Statistical Area,199678,199824,200640,201868,146,816,1228
378,41060,,27009,"Benton County, MN",County or equivalent,41381,41357,41496,41463,-24,139,-33
378,41060,,27145,"Stearns County, MN",County or equivalent,158297,158467,159144,160405,170,677,1261
380,,,,"Mobile-Daphne-Fairhope, AL",Combined Statistical Area,661961,662899,667612,672968,938,4713,5356
380,19300,,,"Daphne-Fairhope-Foley, AL",Metropolitan Statistical Area,231761,233219,239361,246435,1458,6142,7074
380,19300,,1003,"Baldwin County, AL",County or equivalent,231761,233219,239361,246435,1458,6142,7074
380,33660,,,"Mobile, AL",Metropolitan Statistical Area,430200,429680,428251,426533,-520,-1429,-1718
380,33660,,1097,"Mobile County, AL",County or equivalent,414812,414353,413017,411411,-459,-1336,-1606
380,33660,,1129,"Washington County, AL",County or equivalent,15388,15327,15234,15122,-61,-93,-112
384,,,,"Monroe-Ruston, LA",Combined Statistical Area,255497,254943,253068,250998,-554,-1875,-2070
384,33740,,,"Monroe, LA",Metropolitan Statistical Area,207099,206639,204915,202869,-460,-1724,-2046
384,33740,,22067,"Morehouse Parish, LA",County or equivalent,25629,25453,25000,24446,-176,-453,-554
384,33740,,22073,"Ouachita Parish, LA",County or equivalent,160364,160096,158919,157702,-268,-1177,-1217
384,33740,,22111,"Union Parish, LA",County or equivalent,21106,21090,20996,20721,-16,-94,-275
384,40820,,,"Ruston, LA",Micropolitan Statistical Area,48398,48304,48153,48129,-94,-151,-24
384,40820,,22061,"Lincoln Parish, LA",County or equivalent,48398,48304,48153,48129,-94,-151,-24
388,,,,"Montgomery-Selma-Alexander City, AL",Combined Statistical Area,476195,475151,473889,473370,-1044,-1262,-519
388,10760,,,"Alexander City, AL",Micropolitan Statistical Area,51698,51627,51498,51143,-71,-129,-355
388,10760,,1037,"Coosa County, AL",County or equivalent,10382,10341,10366,10166,-41,25,-200
388,10760,,1123,"Tallapoosa County, AL",County or equivalent,41316,41286,41132,40977,-30,-154,-155
388,33860,,,"Montgomery, AL",Metropolitan Statistical Area,386034,385350,384826,385460,-684,-524,634
388,33860,,1001,"Autauga County, AL",County or equivalent,58802,58902,59210,59759,100,308,549
388,33860,,1051,"Elmore County, AL",County or equivalent,87974,87853,88737,89563,-121,884,826
388,33860,,1085,"Lowndes County, AL",County or equivalent,10310,10273,9926,9777,-37,-347,-149
388,33860,,1101,"Montgomery County, AL",County or equivalent,228948,228322,226953,226361,-626,-1369,-592
388,42820,,,"Selma, AL",Micropolitan Statistical Area,38463,38174,37565,36767,-289,-609,-798
388,42820,,1047,"Dallas County, AL",County or equivalent,38463,38174,37565,36767,-289,-609,-798
390,,,,"Morgantown-Fairmont, WV",Combined Statistical Area,196247,196322,196874,196993,75,552,119
390,21900,,,"Fairmont, WV",Micropolitan Statistical Area,56211,56230,56117,55952,19,-113,-165
390,21900,,54049,"Marion County, WV",County or equivalent,56211,56230,56117,55952,19,-113,-165
390,34060,,,"Morgantown, WV",Metropolitan Statistical Area,140036,140092,140757,141041,56,665,284
390,34060,,54061,"Monongalia County, WV",County or equivalent,105822,105905,106487,106869,83,582,382
390,34060,,54077,"Preston County, WV",County or equivalent,34214,34187,34270,34172,-27,83,-98
393,,,,"Moses Lake-Othello, WA",Combined Statistical Area,119732,120035,121080,122272,303,1045,1192
393,34180,,,"Moses Lake, WA",Micropolitan Statistical Area,99120,99427,100440,101311,307,1013,871
393,34180,,53025,"Grant County, WA",County or equivalent,99120,99427,100440,101311,307,1013,871
393,36830,,,"Othello, WA",Micropolitan Statistical Area,20612,20608,20640,20961,-4,32,321
393,36830,,53001,"Adams County, WA",County or equivalent,20612,20608,20640,20961,-4,32,321
394,,,,"Mount Pleasant-Alma, MI",Combined Statistical Area,106148,106180,105560,105547,32,-620,-13
394,10940,,,"Alma, MI",Micropolitan Statistical Area,41752,41667,41269,41100,-85,-398,-169
394,10940,,26057,"Gratiot County, MI",County or equivalent,41752,41667,41269,41100,-85,-398,-169
394,34380,,,"Mount Pleasant, MI",Micropolitan Statistical Area,64396,64513,64291,64447,117,-222,156
394,34380,,26073,"Isabella County, MI",County or equivalent,64396,64513,64291,64447,117,-222,156
396,,,,"Myrtle Beach-Conway, SC-NC",Combined Statistical Area,551124,555408,574816,600887,4284,19408,26071
396,23860,,,"Georgetown, SC",Micropolitan Statistical Area,63402,63506,63991,64722,104,485,731
396,23860,,45043,"Georgetown County, SC",County or equivalent,63402,63506,63991,64722,104,485,731
396,34820,,,"Myrtle Beach-Conway-North Myrtle Beach, SC-NC",Metropolitan Statistical Area,487722,491902,510825,536165,4180,18923,25340
396,34820,,37019,"Brunswick County, NC",County or equivalent,136694,138157,144814,153064,1463,6657,8250
396,34820,,45051,"Horry County, SC",County or equivalent,351028,353745,366011,383101,2717,12266,17090
400,,,,"Nashville-Davidson--Murfreesboro, TN",Combined Statistical Area,2118247,2125710,2142122,2180071,7463,16412,37949
400,29980,,,"Lawrenceburg, TN",Micropolitan Statistical Area,44163,44182,44729,45415,19,547,686
400,29980,,47099,"Lawrence County, TN",County or equivalent,44163,44182,44729,45415,19,547,686
400,30280,,,"Lewisburg, TN",Micropolitan Statistical Area,34320,34466,35032,35878,146,566,846
400,30280,,47117,"Marshall County, TN",County or equivalent,34320,34466,35032,35878,146,566,846
400,34980,,,"Nashville-Davidson--Murfreesboro--Franklin, TN",Metropolitan Statistical Area,1989525,1996681,2011204,2046828,7156,14523,35624
400,34980,,47015,"Cannon County, TN",County or equivalent,14512,14568,14535,14788,56,-33,253
400,34980,,47021,"Cheatham County, TN",County or equivalent,41065,41128,41547,41830,63,419,283
400,34980,,47037,"Davidson County, TN",County or equivalent,715875,716058,703372,708144,183,-12686,4772
400,34980,,47043,"Dickson County, TN",County or equivalent,54314,54442,55174,55761,128,732,587
400,34980,,47111,"Macon County, TN",County or equivalent,25215,25263,25682,26229,48,419,547
400,34980,,47119,"Maury County, TN",County or equivalent,100975,101824,105003,108159,849,3179,3156
400,34980,,47147,"Robertson County, TN",County or equivalent,72803,72945,74088,75470,142,1143,1382
400,34980,,47149,"Rutherford County, TN",County or equivalent,341481,343266,351202,360619,1785,7936,9417
400,34980,,47159,"Smith County, TN",County or equivalent,19914,19970,20181,20489,56,211,308
400,34980,,47165,"Sumner County, TN",County or equivalent,196281,197396,200582,203858,1115,3186,3276
400,34980,,47169,"Trousdale County, TN",County or equivalent,11610,11638,11619,12111,28,-19,492
400,34980,,47187,"Williamson County, TN",County or equivalent,247733,249538,256209,260815,1805,6671,4606
400,34980,,47189,"Wilson County, TN",County or equivalent,147747,148645,152010,158555,898,3365,6545
400,43180,,,"Shelbyville, TN",Micropolitan Statistical Area,50239,50381,51157,51950,142,776,793
400,43180,,47003,"Bedford County, TN",County or equivalent,50239,50381,51157,51950,142,776,793
404,,,,"New Bern-Morehead City, NC",Combined Statistical Area,189851,189820,190559,191868,-31,739,1309
404,33980,,,"Morehead City, NC",Micropolitan Statistical Area,67686,67724,68718,69380,38,994,662
404,33980,,37031,"Carteret County, NC",County or equivalent,67686,67724,68718,69380,38,994,662
404,35100,,,"New Bern, NC",Metropolitan Statistical Area,122165,122096,121841,122488,-69,-255,647
404,35100,,37049,"Craven County, NC",County or equivalent,100718,100646,100277,100874,-72,-369,597
404,35100,,37103,"Jones County, NC",County or equivalent,9173,9147,9217,9233,-26,70,16
404,35100,,37137,"Pamlico County, NC",County or equivalent,12274,12303,12347,12381,29,44,34
406,,,,"New Orleans-Metairie-Hammond, LA-MS",Combined Statistical Area,1506616,1505383,1500098,1485510,-1233,-5285,-14588
406,14220,,,"Bogalusa, LA",Micropolitan Statistical Area,45456,45344,45176,45025,-112,-168,-151
406,14220,,22117,"Washington Parish, LA",County or equivalent,45456,45344,45176,45025,-112,-168,-151
406,25220,,,"Hammond, LA",Metropolitan Statistical Area,133149,133635,135508,137048,486,1873,1540
406,25220,,22105,"Tangipahoa Parish, LA",County or equivalent,133149,133635,135508,137048,486,1873,1540
406,35380,,,"New Orleans-Metairie, LA",Metropolitan Statistical Area,1271867,1270206,1262909,1246176,-1661,-7297,-16733
406,35380,,22051,"Jefferson Parish, LA",County or equivalent,440794,439712,433929,425884,-1082,-5783,-8045
406,35380,,22071,"Orleans Parish, LA",County or equivalent,383998,383218,377063,369749,-780,-6155,-7314
406,35380,,22075,"Plaquemines Parish, LA",County or equivalent,23515,23458,23284,22516,-57,-174,-768
406,35380,,22087,"St. Bernard Parish, LA",County or equivalent,43766,43853,44330,44479,87,477,149
406,35380,,22089,"St. Charles Parish, LA",County or equivalent,52548,52507,52405,50998,-41,-102,-1407
406,35380,,22093,"St. James Parish, LA",County or equivalent,20194,20117,19790,19423,-77,-327,-367
406,35380,,22095,"St. John the Baptist Parish, LA",County or equivalent,42477,42355,42021,39864,-122,-334,-2157
406,35380,,22103,"St. Tammany Parish, LA",County or equivalent,264575,264986,270087,273263,411,5101,3176
406,38100,,,"Picayune, MS",Micropolitan Statistical Area,56144,56198,56505,57261,54,307,756
406,38100,,28109,"Pearl River County, MS",County or equivalent,56144,56198,56505,57261,54,307,756
408,,,,"New York-Newark, NY-NJ-CT-PA",Combined Statistical Area,23582702,23485069,23229858,23070149,-97633,-255211,-159709
408,14860,,,"Bridgeport-Stamford-Norwalk, CT",Metropolitan Statistical Area,957416,955261,963050,962946,-2155,7789,-104
408,14860,,9001,"Fairfield County, CT",County or equivalent,957416,955261,963050,962946,-2155,7789,-104
408,20700,,,"East Stroudsburg, PA",Metropolitan Statistical Area,168323,168316,168629,167198,-7,313,-1431
408,20700,,42089,"Monroe County, PA",County or equivalent,168323,168316,168629,167198,-7,313,-1431
408,28740,,,"Kingston, NY",Metropolitan Statistical Area,181856,181627,183704,182319,-229,2077,-1385
408,28740,,36111,"Ulster County, NY",County or equivalent,181856,181627,183704,182319,-229,2077,-1385
408,35300,,,"New Haven-Milford, CT",Metropolitan Statistical Area,864842,863234,869138,869527,-1608,5904,389
408,35300,,9009,"New Haven County, CT",County or equivalent,864842,863234,869138,869527,-1608,5904,389
408,35620,,,"New York-Newark-Jersey City, NY-NJ-PA",Metropolitan Statistical Area,20140535,20048886,19774386,19617869,-91649,-274500,-156517
408,35620,35004,,"Nassau County-Suffolk County, NY",Metropolitan Division,2921713,2912509,2924230,2909191,-9204,11721,-15039
408,35620,35004,36059,"Nassau County, NY",County or equivalent,1395777,1390559,1391112,1383726,-5218,553,-7386
408,35620,35004,36103,"Suffolk County, NY",County or equivalent,1525936,1521950,1533118,1525465,-3986,11168,-7653
408,35620,35084,,"Newark, NJ-PA",Metropolitan Division,2279141,2273186,2272653,2266862,-5955,-533,-5791
408,35620,35084,34013,"Essex County, NJ",County or equivalent,862782,859924,854121,849477,-2858,-5803,-4644
408,35620,35084,34019,"Hunterdon County, NJ",County or equivalent,128962,128786,129668,129777,-176,882,109
408,35620,35084,34027,"Morris County, NJ",County or equivalent,509277,508384,510444,511151,-893,2060,707
408,35620,35084,34037,"Sussex County, NJ",County or equivalent,144231,143915,145645,146084,-316,1730,439
408,35620,35084,34039,"Union County, NJ",County or equivalent,575352,573617,572810,569815,-1735,-807,-2995
408,35620,35084,42103,"Pike County, PA",County or equivalent,58537,58560,59965,60558,23,1405,593
408,35620,35154,,"New Brunswick-Lakewood, NJ",Metropolitan Division,2489376,2487232,2504792,2508126,-2144,17560,3334
408,35620,35154,34023,"Middlesex County, NJ",County or equivalent,863183,861314,862328,861418,-1869,1014,-910
408,35620,35154,34025,"Monmouth County, NJ",County or equivalent,643608,642771,646392,644098,-837,3621,-2294
408,35620,35154,34029,"Ocean County, NJ",County or equivalent,637229,638422,649741,655735,1193,11319,5994
408,35620,35154,34035,"Somerset County, NJ",County or equivalent,345356,344725,346331,346875,-631,1606,544
408,35620,35614,,"New York-Jersey City-White Plains, NY-NJ",Metropolitan Division,12450305,12375959,12072711,11933690,-74346,-303248,-139021
408,35620,35614,34003,"Bergen County, NJ",County or equivalent,955746,953617,954879,952997,-2129,1262,-1882
408,35620,35614,34017,"Hudson County, NJ",County or equivalent,724857,721832,703447,703366,-3025,-18385,-81
408,35620,35614,34031,"Passaic County, NJ",County or equivalent,525052,523406,518345,513936,-1646,-5061,-4409
408,35620,35614,36005,"Bronx County, NY",County or equivalent,1472656,1461125,1421089,1379946,-11531,-40036,-41143
408,35620,35614,36047,"Kings County, NY",County or equivalent,2736075,2719044,2637486,2590516,-17031,-81558,-46970
408,35620,35614,36061,"New York County, NY",County or equivalent,1694250,1677306,1578801,1596273,-16944,-98505,17472
408,35620,35614,36079,"Putnam County, NY",County or equivalent,97682,97632,98176,98045,-50,544,-131
408,35620,35614,36081,"Queens County, NY",County or equivalent,2405464,2388586,2328141,2278029,-16878,-60445,-50112
408,35620,35614,36085,"Richmond County, NY",County or equivalent,495749,494586,493484,491133,-1163,-1102,-2351
408,35620,35614,36087,"Rockland County, NY",County or equivalent,338329,337394,339256,339022,-935,1862,-234
408,35620,35614,36119,"Westchester County, NY",County or equivalent,1004445,1001431,999607,990427,-3014,-1824,-9180
408,39100,,,"Poughkeepsie-Newburgh-Middletown, NY",Metropolitan Statistical Area,697221,696486,703036,703486,-735,6550,450
408,39100,,36027,"Dutchess County, NY",County or equivalent,295897,295398,298039,297545,-499,2641,-494
408,39100,,36071,"Orange County, NY",County or equivalent,401324,401088,404997,405941,-236,3909,944
408,45860,,,"Torrington, CT",Micropolitan Statistical Area,185169,184818,185799,186116,-351,981,317
408,45860,,9005,"Litchfield County, CT",County or equivalent,185169,184818,185799,186116,-351,981,317
408,45940,,,"Trenton-Princeton, NJ",Metropolitan Statistical Area,387340,386441,382116,380688,-899,-4325,-1428
408,45940,,34021,"Mercer County, NJ",County or equivalent,387340,386441,382116,380688,-899,-4325,-1428
412,,,,"North Port-Sarasota, FL",Combined Statistical Area,1054535,1059900,1091298,1129384,5365,31398,38086
412,11580,,,"Arcadia, FL",Micropolitan Statistical Area,33975,34087,34340,35312,112,253,972
412,11580,,12027,"DeSoto County, FL",County or equivalent,33975,34087,34340,35312,112,253,972
412,35840,,,"North Port-Sarasota-Bradenton, FL",Metropolitan Statistical Area,833710,837800,862024,891411,4090,24224,29387
412,35840,,12081,"Manatee County, FL",County or equivalent,399705,401593,413474,429125,1888,11881,15651
412,35840,,12115,"Sarasota County, FL",County or equivalent,434005,436207,448550,462286,2202,12343,13736
412,39460,,,"Punta Gorda, FL",Metropolitan Statistical Area,186850,188013,194934,202661,1163,6921,7727
412,39460,,12015,"Charlotte County, FL",County or equivalent,186850,188013,194934,202661,1163,6921,7727
416,,,,"Oklahoma City-Shawnee, OK",Combined Statistical Area,1498163,1502396,1516679,1532913,4233,14283,16234
416,36420,,,"Oklahoma City, OK",Metropolitan Statistical Area,1425714,1429854,1443587,1459380,4140,13733,15793
416,36420,,40017,"Canadian County, OK",County or equivalent,154154,155425,161981,169149,1271,6556,7168
416,36420,,40027,"Cleveland County, OK",County or equivalent,295514,296207,298099,299587,693,1892,1488
416,36420,,40051,"Grady County, OK",County or equivalent,54800,54873,55608,56658,73,735,1050
416,36420,,40081,"Lincoln County, OK",County or equivalent,33460,33495,33856,34188,35,361,332
416,36420,,40083,"Logan County, OK",County or equivalent,49552,49743,50924,51933,191,1181,1009
416,36420,,40087,"McClain County, OK",County or equivalent,41667,41911,43497,45306,244,1586,1809
416,36420,,40109,"Oklahoma County, OK",County or equivalent,796567,798200,799622,802559,1633,1422,2937
416,43060,,,"Shawnee, OK",Micropolitan Statistical Area,72449,72542,73092,73533,93,550,441
416,43060,,40125,"Pottawatomie County, OK",County or equivalent,72449,72542,73092,73533,93,550,441
420,,,,"Omaha-Council Bluffs-Fremont, NE-IA",Combined Statistical Area,1004767,1006187,1009828,1013668,1420,3641,3840
420,23340,,,"Fremont, NE",Micropolitan Statistical Area,37171,37110,37120,36997,-61,10,-123
420,23340,,31053,"Dodge County, NE",County or equivalent,37171,37110,37120,36997,-61,10,-123
420,36540,,,"Omaha-Council Bluffs, NE-IA",Metropolitan Statistical Area,967596,969077,972708,976671,1481,3631,3963
420,36540,,19085,"Harrison County, IA",County or equivalent,14578,14564,14683,14658,-14,119,-25
420,36540,,19129,"Mills County, IA",County or equivalent,14486,14399,14464,14553,-87,65,89
420,36540,,19155,"Pottawattamie County, IA",County or equivalent,93670,93670,93434,93173,0,-236,-261
420,36540,,31025,"Cass County, NE",County or equivalent,26598,26601,27071,27122,3,470,51
420,36540,,31055,"Douglas County, NE",County or equivalent,584522,585386,585467,586327,864,81,860
420,36540,,31153,"Sarpy County, NE",County or equivalent,190597,191157,193798,196553,560,2641,2755
420,36540,,31155,"Saunders County, NE",County or equivalent,22280,22372,22798,23118,92,426,320
420,36540,,31177,"Washington County, NE",County or equivalent,20865,20928,20993,21167,63,65,174
422,,,,"Orlando-Lakeland-Deltona, FL",Combined Statistical Area,4222441,4237847,4301444,4428098,15406,63597,126654
422,19660,,,"Deltona-Daytona Beach-Ormond Beach, FL",Metropolitan Statistical Area,668944,671794,686892,705897,2850,15098,19005
422,19660,,12035,"Flagler County, FL",County or equivalent,115383,116030,120904,126705,647,4874,5801
422,19660,,12127,"Volusia County, FL",County or equivalent,553561,555764,565988,579192,2203,10224,13204
422,29460,,,"Lakeland-Winter Haven, FL",Metropolitan Statistical Area,725041,730111,755179,787404,5070,25068,32225
422,29460,,12105,"Polk County, FL",County or equivalent,725041,730111,755179,787404,5070,25068,32225
422,36740,,,"Orlando-Kissimmee-Sanford, FL",Metropolitan Statistical Area,2673379,2680313,2699199,2764182,6934,18886,64983
422,36740,,12069,"Lake County, FL",County or equivalent,383959,386194,396242,410139,2235,10048,13897
422,36740,,12095,"Orange County, FL",County or equivalent,1429901,1431573,1427928,1452726,1672,-3645,24798
422,36740,,12097,"Osceola County, FL",County or equivalent,388664,391118,404020,422545,2454,12902,18525
422,36740,,12117,"Seminole County, FL",County or equivalent,470855,471428,471009,478772,573,-419,7763
422,45540,,,"The Villages, FL",Metropolitan Statistical Area,129751,130298,134867,144970,547,4569,10103
422,45540,,12119,"Sumter County, FL",County or equivalent,129751,130298,134867,144970,547,4569,10103
422,48100,,,"Wauchula, FL",Micropolitan Statistical Area,25326,25331,25307,25645,5,-24,338
422,48100,,12049,"Hardee County, FL",County or equivalent,25326,25331,25307,25645,5,-24,338
424,,,,"Paducah-Mayfield, KY-IL",Combined Statistical Area,135326,135161,134886,134411,-165,-275,-475
424,32460,,,"Mayfield, KY",Micropolitan Statistical Area,36657,36527,36634,36412,-130,107,-222
424,32460,,21083,"Graves County, KY",County or equivalent,36657,36527,36634,36412,-130,107,-222
424,37140,,,"Paducah, KY-IL",Micropolitan Statistical Area,98669,98634,98252,97999,-35,-382,-253
424,37140,,17127,"Massac County, IL",County or equivalent,14176,14138,13966,13896,-38,-172,-70
424,37140,,21007,"Ballard County, KY",County or equivalent,7730,7712,7690,7650,-18,-22,-40
424,37140,,21139,"Livingston County, KY",County or equivalent,8892,8873,8984,8963,-19,111,-21
424,37140,,21145,"McCracken County, KY",County or equivalent,67871,67911,67612,67490,40,-299,-122
425,,,,"Parkersburg-Marietta-Vienna, WV-OH",Combined Statistical Area,149265,148972,148309,147332,-293,-663,-977
425,31930,,,"Marietta, OH",Micropolitan Statistical Area,59769,59644,59459,58901,-125,-185,-558
425,31930,,39167,"Washington County, OH",County or equivalent,59769,59644,59459,58901,-125,-185,-558
425,37620,,,"Parkersburg-Vienna, WV",Metropolitan Statistical Area,89496,89328,88850,88431,-168,-478,-419
425,37620,,54105,"Wirt County, WV",County or equivalent,5196,5186,5059,5091,-10,-127,32
425,37620,,54107,"Wood County, WV",County or equivalent,84300,84142,83791,83340,-158,-351,-451
426,,,,"Pensacola-Ferry Pass, FL-AL",Combined Statistical Area,546655,548220,553921,559812,1565,5701,5891
426,12120,,,"Atmore, AL",Micropolitan Statistical Area,36767,36680,36658,36666,-87,-22,8
426,12120,,1053,"Escambia County, AL",County or equivalent,36767,36680,36658,36666,-87,-22,8
426,37860,,,"Pensacola-Ferry Pass-Brent, FL",Metropolitan Statistical Area,509888,511540,517263,523146,1652,5723,5883
426,37860,,12033,"Escambia County, FL",County or equivalent,321897,322551,323480,324878,654,929,1398
426,37860,,12113,"Santa Rosa County, FL",County or equivalent,187991,188989,193783,198268,998,4794,4485
428,,,,"Philadelphia-Reading-Camden, PA-NJ-DE-MD",Combined Statistical Area,7379695,7375437,7390290,7381187,-4258,14853,-9103
428,12100,,,"Atlantic City-Hammonton, NJ",Metropolitan Statistical Area,274536,274172,275130,275638,-364,958,508
428,12100,,34001,"Atlantic County, NJ",County or equivalent,274536,274172,275130,275638,-364,958,508
428,20100,,,"Dover, DE",Metropolitan Statistical Area,181856,182362,184371,186946,506,2009,2575
428,20100,,10001,"Kent County, DE",County or equivalent,181856,182362,184371,186946,506,2009,2575
428,36140,,,"Ocean City, NJ",Metropolitan Statistical Area,95266,95040,95768,95634,-226,728,-134
428,36140,,34009,"Cape May County, NJ",County or equivalent,95266,95040,95768,95634,-226,728,-134
428,37980,,,"Philadelphia-Camden-Wilmington, PA-NJ-DE-MD",Metropolitan Statistical Area,6245049,6241540,6253320,6241164,-3509,11780,-12156
428,37980,15804,,"Camden, NJ",Metropolitan Division,1287634,1287276,1293155,1297611,-358,5879,4456
428,37980,15804,34005,"Burlington County, NJ",County or equivalent,461863,461648,464411,466103,-215,2763,1692
428,37980,15804,34007,"Camden County, NJ",County or equivalent,523486,523074,524124,524907,-412,1050,783
428,37980,15804,34015,"Gloucester County, NJ",County or equivalent,302285,302554,304620,306601,269,2066,1981
428,37980,33874,,"Montgomery County-Bucks County-Chester County, PA",Metropolitan Division,2037493,2037833,2052045,2055560,340,14212,3515
428,37980,33874,42017,"Bucks County, PA",County or equivalent,646526,646112,647159,645054,-414,1047,-2105
428,37980,33874,42029,"Chester County, PA",County or equivalent,534408,534783,540864,545823,375,6081,4959
428,37980,33874,42091,"Montgomery County, PA",County or equivalent,856559,856938,864022,864683,379,7084,661
428,37980,37964,,"Philadelphia, PA",Metropolitan Division,2180641,2176923,2166252,2142440,-3718,-10671,-23812
428,37980,37964,42045,"Delaware County, PA",County or equivalent,576842,576323,576772,575182,-519,449,-1590
428,37980,37964,42101,"Philadelphia County, PA",County or equivalent,1603799,1600600,1589480,1567258,-3199,-11120,-22222
428,37980,48864,,"Wilmington, DE-MD-NJ",Metropolitan Division,739281,739508,741868,745553,227,2360,3685
428,37980,48864,10003,"New Castle County, DE",County or equivalent,570721,570873,572714,575494,152,1841,2780
428,37980,48864,24015,"Cecil County, MD",County or equivalent,103726,103793,104096,104942,67,303,846
428,37980,48864,34033,"Salem County, NJ",County or equivalent,64834,64842,65058,65117,8,216,59
428,39740,,,"Reading, PA",Metropolitan Statistical Area,428840,428631,429612,430449,-209,981,837
428,39740,,42011,"Berks County, PA",County or equivalent,428840,428631,429612,430449,-209,981,837
428,47220,,,"Vineland-Bridgeton, NJ",Metropolitan Statistical Area,154148,153692,152089,151356,-456,-1603,-733
428,47220,,34011,"Cumberland County, NJ",County or equivalent,154148,153692,152089,151356,-456,-1603,-733
429,,,,"Phoenix-Mesa, AZ",Combined Statistical Area,4899104,4923029,4996358,5069600,23925,73329,73242
429,37740,,,"Payson, AZ",Micropolitan Statistical Area,53273,53351,53521,53922,78,170,401
429,37740,,4007,"Gila County, AZ",County or equivalent,53273,53351,53521,53922,78,170,401
429,38060,,,"Phoenix-Mesa-Chandler, AZ",Metropolitan Statistical Area,4845831,4869678,4942837,5015678,23847,73159,72841
429,38060,,4013,"Maricopa County, AZ",County or equivalent,4420574,4440232,4494693,4551524,19658,54461,56831
429,38060,,4021,"Pinal County, AZ",County or equivalent,425257,429446,448144,464154,4189,18698,16010
430,,,,"Pittsburgh-New Castle-Weirton, PA-OH-WV",Combined Statistical Area,2657130,2654947,2649699,2631213,-2183,-5248,-18486
430,26860,,,"Indiana, PA",Micropolitan Statistical Area,83231,83142,83158,82957,-89,16,-201
430,26860,,42063,"Indiana County, PA",County or equivalent,83231,83142,83158,82957,-89,16,-201
430,35260,,,"New Castle, PA",Micropolitan Statistical Area,86069,85959,85554,84849,-110,-405,-705
430,35260,,42073,"Lawrence County, PA",County or equivalent,86069,85959,85554,84849,-110,-405,-705
430,38300,,,"Pittsburgh, PA",Metropolitan Statistical Area,2370937,2369166,2365176,2349172,-1771,-3990,-16004
430,38300,,42003,"Allegheny County, PA",County or equivalent,1250585,1249524,1245445,1233253,-1061,-4079,-12192
430,38300,,42005,"Armstrong County, PA",County or equivalent,65553,65459,65138,64747,-94,-321,-391
430,38300,,42007,"Beaver County, PA",County or equivalent,168228,167860,166914,165677,-368,-946,-1237
430,38300,,42019,"Butler County, PA",County or equivalent,193767,194056,196789,197300,289,2733,511
430,38300,,42051,"Fayette County, PA",County or equivalent,128816,128569,127113,125755,-247,-1456,-1358
430,38300,,42125,"Washington County, PA",County or equivalent,209325,209382,210012,210383,57,630,371
430,38300,,42129,"Westmoreland County, PA",County or equivalent,354663,354316,353765,352057,-347,-551,-1708
430,48260,,,"Weirton-Steubenville, WV-OH",Metropolitan Statistical Area,116893,116680,115811,114235,-213,-869,-1576
430,48260,,39081,"Jefferson County, OH",County or equivalent,65247,65171,65111,64330,-76,-60,-781
430,48260,,54009,"Brooke County, WV",County or equivalent,22551,22472,22109,21733,-79,-363,-376
430,48260,,54029,"Hancock County, WV",County or equivalent,29095,29037,28591,28172,-58,-446,-419
438,,,,"Portland-Lewiston-South Portland, ME",Combined Statistical Area,662903,663730,671053,674599,827,7323,3546
438,30340,,,"Lewiston-Auburn, ME",Metropolitan Statistical Area,111147,111180,112648,113023,33,1468,375
438,30340,,23001,"Androscoggin County, ME",County or equivalent,111147,111180,112648,113023,33,1468,375
438,38860,,,"Portland-South Portland, ME",Metropolitan Statistical Area,551756,552550,558405,561576,794,5855,3171
438,38860,,23005,"Cumberland County, ME",County or equivalent,303076,303570,306149,307451,494,2579,1302
438,38860,,23023,"Sagadahoc County, ME",County or equivalent,36699,36724,37190,37393,25,466,203
438,38860,,23031,"York County, ME",County or equivalent,211981,212256,215066,216732,275,2810,1666
440,,,,"Portland-Vancouver-Salem, OR-WA",Combined Statistical Area,3280757,3287501,3293342,3285859,6744,5841,-7483
440,10540,,,"Albany-Lebanon, OR",Metropolitan Statistical Area,128610,128978,129948,130467,368,970,519
440,10540,,41043,"Linn County, OR",County or equivalent,128610,128978,129948,130467,368,970,519
440,18700,,,"Corvallis, OR",Metropolitan Statistical Area,95183,95208,96277,97630,25,1069,1353
440,18700,,41003,"Benton County, OR",County or equivalent,95183,95208,96277,97630,25,1069,1353
440,31020,,,"Longview, WA",Metropolitan Statistical Area,110740,111019,111648,111956,279,629,308
440,31020,,53015,"Cowlitz County, WA",County or equivalent,110740,111019,111648,111956,279,629,308
440,38900,,,"Portland-Vancouver-Hillsboro, OR-WA",Metropolitan Statistical Area,2512882,2518007,2518310,2509489,5125,303,-8821
440,38900,,41005,"Clackamas County, OR",County or equivalent,421404,422444,423763,423177,1040,1319,-586
440,38900,,41009,"Columbia County, OR",County or equivalent,52603,52730,53229,53588,127,499,359
440,38900,,41051,"Multnomah County, OR",County or equivalent,815429,816467,805593,795083,1038,-10874,-10510
440,38900,,41067,"Washington County, OR",County or equivalent,600383,601101,602494,600176,718,1393,-2318
440,38900,,41071,"Yamhill County, OR",County or equivalent,107721,107931,108436,108226,210,505,-210
440,38900,,53011,"Clark County, WA",County or equivalent,503309,505301,512588,516779,1992,7287,4191
440,38900,,53059,"Skamania County, WA",County or equivalent,12033,12033,12207,12460,0,174,253
440,41420,,,"Salem, OR",Metropolitan Statistical Area,433342,434289,437159,436317,947,2870,-842
440,41420,,41047,"Marion County, OR",County or equivalent,345910,346339,347775,346703,429,1436,-1072
440,41420,,41053,"Polk County, OR",County or equivalent,87432,87950,89384,89614,518,1434,230
444,,,,"Pueblo-Cañon City, CO",Combined Statistical Area,217106,217203,218566,219165,97,1363,599
444,15860,,,"Cañon City, CO",Micropolitan Statistical Area,48938,48878,49234,49621,-60,356,387
444,15860,,8043,"Fremont County, CO",County or equivalent,48938,48878,49234,49621,-60,356,387
444,39380,,,"Pueblo, CO",Metropolitan Statistical Area,168168,168325,169332,169544,157,1007,212
444,39380,,8101,"Pueblo County, CO",County or equivalent,168168,168325,169332,169544,157,1007,212
446,,,,"Pullman-Moscow, WA-ID",Combined Statistical Area,87489,87433,83635,88597,-56,-3798,4962
446,34140,,,"Moscow, ID",Micropolitan Statistical Area,39518,39629,40397,40978,111,768,581
446,34140,,16057,"Latah County, ID",County or equivalent,39518,39629,40397,40978,111,768,581
446,39420,,,"Pullman, WA",Micropolitan Statistical Area,47971,47804,43238,47619,-167,-4566,4381
446,39420,,53075,"Whitman County, WA",County or equivalent,47971,47804,43238,47619,-167,-4566,4381
448,,,,"Quincy-Hannibal, IL-MO",Combined Statistical Area,114645,114488,114012,113474,-157,-476,-538
448,25300,,,"Hannibal, MO",Micropolitan Statistical Area,38882,38837,38880,38858,-45,43,-22
448,25300,,29127,"Marion County, MO",County or equivalent,28527,28480,28502,28438,-47,22,-64
448,25300,,29173,"Ralls County, MO",County or equivalent,10355,10357,10378,10420,2,21,42
448,39500,,,"Quincy, IL-MO",Micropolitan Statistical Area,75763,75651,75132,74616,-112,-519,-516
448,39500,,17001,"Adams County, IL",County or equivalent,65727,65612,65146,64725,-115,-466,-421
448,39500,,29111,"Lewis County, MO",County or equivalent,10036,10039,9986,9891,3,-53,-95
450,,,,"Raleigh-Durham-Cary, NC",Combined Statistical Area,2106452,2106183,2150571,2190786,-269,44388,40215
450,20500,,,"Durham-Chapel Hill, NC",Metropolitan Statistical Area,649920,646061,657000,664310,-3859,10939,7310
450,20500,,37037,"Chatham County, NC",County or equivalent,76270,76670,78111,79864,400,1441,1753
450,20500,,37063,"Durham County, NC",County or equivalent,324849,325561,329699,332680,712,4138,2981
450,20500,,37077,"Granville County, NC",County or equivalent,61001,61060,61408,61903,59,348,495
450,20500,,37135,"Orange County, NC",County or equivalent,148707,143583,148610,150477,-5124,5027,1867
450,20500,,37145,"Person County, NC",County or equivalent,39093,39187,39172,39386,94,-15,214
450,25780,,,"Henderson, NC",Micropolitan Statistical Area,42570,42535,42103,42138,-35,-432,35
450,25780,,37181,"Vance County, NC",County or equivalent,42570,42535,42103,42138,-35,-432,35
450,39580,,,"Raleigh-Cary, NC",Metropolitan Statistical Area,1413962,1417587,1451468,1484338,3625,33881,32870
450,39580,,37069,"Franklin County, NC",County or equivalent,68578,69115,71798,74539,537,2683,2741
450,39580,,37101,"Johnston County, NC",County or equivalent,215991,217787,227313,234778,1796,9526,7465
450,39580,,37183,"Wake County, NC",County or equivalent,1129393,1130685,1152357,1175021,1292,21672,22664
452,,,,"Rapid City-Spearfish, SD",Combined Statistical Area,164848,165301,168262,172373,453,2961,4111
452,39660,,,"Rapid City, SD",Metropolitan Statistical Area,139082,139463,142124,145159,381,2661,3035
452,39660,,46093,"Meade County, SD",County or equivalent,29851,29900,30270,30698,49,370,428
452,39660,,46103,"Pennington County, SD",County or equivalent,109231,109563,111854,114461,332,2291,2607
452,43940,,,"Spearfish, SD",Micropolitan Statistical Area,25766,25838,26138,27214,72,300,1076
452,43940,,46081,"Lawrence County, SD",County or equivalent,25766,25838,26138,27214,72,300,1076
454,,,,"Redding-Red Bluff, CA",Combined Statistical Area,247983,247666,247361,246175,-317,-305,-1186
454,39780,,,"Red Bluff, CA",Micropolitan Statistical Area,65831,65682,65380,65245,-149,-302,-135
454,39780,,6103,"Tehama County, CA",County or equivalent,65831,65682,65380,65245,-149,-302,-135
454,39820,,,"Redding, CA",Metropolitan Statistical Area,182152,181984,181981,180930,-168,-3,-1051
454,39820,,6089,"Shasta County, CA",County or equivalent,182152,181984,181981,180930,-168,-3,-1051
456,,,,"Reno-Carson City-Fernley, NV",Combined Statistical Area,657955,659451,668118,670258,1496,8667,2140
456,16180,,,"Carson City, NV",Metropolitan Statistical Area,58644,58683,58796,58130,39,113,-666
456,16180,,32510,"Carson City, NV",County or equivalent,58644,58683,58796,58130,39,113,-666
456,22280,,,"Fernley, NV",Micropolitan Statistical Area,59240,59466,60927,61585,226,1461,658
456,22280,,32019,"Lyon County, NV",County or equivalent,59240,59466,60927,61585,226,1461,658
456,23820,,,"Gardnerville Ranchos, NV",Micropolitan Statistical Area,49484,49522,49969,49628,38,447,-341
456,23820,,32005,"Douglas County, NV",County or equivalent,49484,49522,49969,49628,38,447,-341
456,39900,,,"Reno, NV",Metropolitan Statistical Area,490587,491780,498426,500915,1193,6646,2489
456,39900,,32029,"Storey County, NV",County or equivalent,4098,4106,4145,4170,8,39,25
456,39900,,32031,"Washoe County, NV",County or equivalent,486489,487674,494281,496745,1185,6607,2464
458,,,,"Richmond-Connersville, IN",Combined Statistical Area,89959,89875,89866,89622,-84,-9,-244
458,18220,,,"Connersville, IN",Micropolitan Statistical Area,23404,23362,23376,23349,-42,14,-27
458,18220,,18041,"Fayette County, IN",County or equivalent,23404,23362,23376,23349,-42,14,-27
458,39980,,,"Richmond, IN",Micropolitan Statistical Area,66555,66513,66490,66273,-42,-23,-217
458,39980,,18177,"Wayne County, IN",County or equivalent,66555,66513,66490,66273,-42,-23,-217
462,,,,"Rochester-Austin, MN",Combined Statistical Area,266365,266611,267615,268213,246,1004,598
462,12380,,,"Austin, MN",Micropolitan Statistical Area,40034,40054,40214,40140,20,160,-74
462,12380,,27099,"Mower County, MN",County or equivalent,40034,40054,40214,40140,20,160,-74
462,40340,,,"Rochester, MN",Metropolitan Statistical Area,226331,226557,227401,228073,226,844,672
462,40340,,27039,"Dodge County, MN",County or equivalent,20873,20895,20964,20981,22,69,17
462,40340,,27045,"Fillmore County, MN",County or equivalent,21229,21234,21303,21414,5,69,111
462,40340,,27109,"Olmsted County, MN",County or equivalent,162849,163028,163620,164020,179,592,400
462,40340,,27157,"Wabasha County, MN",County or equivalent,21380,21400,21514,21658,20,114,144
464,,,,"Rochester-Batavia-Seneca Falls, NY",Combined Statistical Area,1182359,1180043,1177946,1171569,-2316,-2097,-6377
464,12860,,,"Batavia, NY",Micropolitan Statistical Area,58394,58313,57988,57535,-81,-325,-453
464,12860,,36037,"Genesee County, NY",County or equivalent,58394,58313,57988,57535,-81,-325,-453
464,40380,,,"Rochester, NY",Metropolitan Statistical Area,1090154,1087983,1086382,1081152,-2171,-1601,-5230
464,40380,,36051,"Livingston County, NY",County or equivalent,61842,61728,61629,61516,-114,-99,-113
464,40380,,36055,"Monroe County, NY",County or equivalent,759444,757790,756547,752035,-1654,-1243,-4512
464,40380,,36069,"Ontario County, NY",County or equivalent,112459,112327,112660,112707,-132,333,47
464,40380,,36073,"Orleans County, NY",County or equivalent,40355,40225,39711,39318,-130,-514,-393
464,40380,,36117,"Wayne County, NY",County or equivalent,91286,91193,91201,91125,-93,8,-76
464,40380,,36123,"Yates County, NY",County or equivalent,24768,24720,24634,24451,-48,-86,-183
464,42900,,,"Seneca Falls, NY",Micropolitan Statistical Area,33811,33747,33576,32882,-64,-171,-694
464,42900,,36099,"Seneca County, NY",County or equivalent,33811,33747,33576,32882,-64,-171,-694
466,,,,"Rockford-Freeport-Rochelle, IL",Combined Statistical Area,435207,434449,432303,430320,-758,-2146,-1983
466,23300,,,"Freeport, IL",Micropolitan Statistical Area,44623,44493,44071,43627,-130,-422,-444
466,23300,,17177,"Stephenson County, IL",County or equivalent,44623,44493,44071,43627,-130,-422,-444
466,40300,,,"Rochelle, IL",Micropolitan Statistical Area,51788,51694,51474,51351,-94,-220,-123
466,40300,,17141,"Ogle County, IL",County or equivalent,51788,51694,51474,51351,-94,-220,-123
466,40420,,,"Rockford, IL",Metropolitan Statistical Area,338796,338262,336758,335342,-534,-1504,-1416
466,40420,,17007,"Boone County, IL",County or equivalent,53446,53334,53199,53154,-112,-135,-45
466,40420,,17201,"Winnebago County, IL",County or equivalent,285350,284928,283559,282188,-422,-1369,-1371
468,,,,"Rocky Mount-Wilson-Roanoke Rapids, NC",Combined Statistical Area,288746,288688,287350,287166,-58,-1338,-184
468,40260,,,"Roanoke Rapids, NC",Micropolitan Statistical Area,66096,65956,65470,64627,-140,-486,-843
468,40260,,37083,"Halifax County, NC",County or equivalent,48622,48521,48377,47848,-101,-144,-529
468,40260,,37131,"Northampton County, NC",County or equivalent,17474,17435,17093,16779,-39,-342,-314
468,40580,,,"Rocky Mount, NC",Metropolitan Statistical Area,143864,143925,143597,144090,61,-328,493
468,40580,,37065,"Edgecombe County, NC",County or equivalent,48897,48777,48370,48301,-120,-407,-69
468,40580,,37127,"Nash County, NC",County or equivalent,94967,95148,95227,95789,181,79,562
468,48980,,,"Wilson, NC",Micropolitan Statistical Area,78786,78807,78283,78449,21,-524,166
468,48980,,37195,"Wilson County, NC",County or equivalent,78786,78807,78283,78449,21,-524,166
472,,,,"Sacramento-Roseville, CA",Combined Statistical Area,2680819,2683572,2693235,2701808,2753,9663,8573
472,40900,,,"Sacramento-Roseville-Folsom, CA",Metropolitan Statistical Area,2397375,2399865,2407524,2416702,2490,7659,9178
472,40900,,6017,"El Dorado County, CA",County or equivalent,191184,191220,193590,192646,36,2370,-944
472,40900,,6061,"Placer County, CA",County or equivalent,404740,405889,412789,417772,1149,6900,4983
472,40900,,6067,"Sacramento County, CA",County or equivalent,1585046,1586465,1588106,1584169,1419,1641,-3937
472,40900,,6113,"Yolo County, CA",County or equivalent,216405,216291,213039,222115,-114,-3252,9076
472,46020,,,"Truckee-Grass Valley, CA",Micropolitan Statistical Area,102235,102249,103457,102293,14,1208,-1164
472,46020,,6057,"Nevada County, CA",County or equivalent,102235,102249,103457,102293,14,1208,-1164
472,49700,,,"Yuba City, CA",Metropolitan Statistical Area,181209,181458,182254,182813,249,796,559
472,49700,,6101,"Sutter County, CA",County or equivalent,99631,99464,99038,98503,-167,-426,-535
472,49700,,6115,"Yuba County, CA",County or equivalent,81578,81994,83216,84310,416,1222,1094
474,,,,"Saginaw-Midland-Bay City, MI",Combined Statistical Area,377482,377074,376267,374825,-408,-807,-1442
474,13020,,,"Bay City, MI",Metropolitan Statistical Area,103856,103733,103251,102821,-123,-482,-430
474,13020,,26017,"Bay County, MI",County or equivalent,103856,103733,103251,102821,-123,-482,-430
474,33220,,,"Midland, MI",Metropolitan Statistical Area,83498,83481,83426,83674,-17,-55,248
474,33220,,26111,"Midland County, MI",County or equivalent,83498,83481,83426,83674,-17,-55,248
474,40980,,,"Saginaw, MI",Metropolitan Statistical Area,190128,189860,189590,188330,-268,-270,-1260
474,40980,,26145,"Saginaw County, MI",County or equivalent,190128,189860,189590,188330,-268,-270,-1260
476,,,,"St. Louis-St. Charles-Farmington, MO-IL",Combined Statistical Area,2924945,2923099,2916912,2905202,-1846,-6187,-11710
476,16460,,,"Centralia, IL",Micropolitan Statistical Area,37727,37639,37378,36914,-88,-261,-464
476,16460,,17121,"Marion County, IL",County or equivalent,37727,37639,37378,36914,-88,-261,-464
476,22100,,,"Farmington, MO",Micropolitan Statistical Area,66926,66437,67057,66969,-489,620,-88
476,22100,,29187,"St. Francois County, MO",County or equivalent,66926,66437,67057,66969,-489,620,-88
476,41180,,,"St. Louis, MO-IL",Metropolitan Statistical Area,2820292,2819023,2812477,2801319,-1269,-6546,-11158
476,41180,,17005,"Bond County, IL",County or equivalent,16729,16688,16633,16566,-41,-55,-67
476,41180,,17013,"Calhoun County, IL",County or equivalent,4435,4404,4385,4360,-31,-19,-25
476,41180,,17027,"Clinton County, IL",County or equivalent,36906,36913,36886,36909,7,-27,23
476,41180,,17083,"Jersey County, IL",County or equivalent,21520,21495,21370,21246,-25,-125,-124
476,41180,,17117,"Macoupin County, IL",County or equivalent,44967,44845,44545,44245,-122,-300,-300
476,41180,,17119,"Madison County, IL",County or equivalent,265858,265610,264898,263864,-248,-712,-1034
476,41180,,17133,"Monroe County, IL",County or equivalent,34953,34952,34993,35033,-1,41,40
476,41180,,17163,"St. Clair County, IL",County or equivalent,257403,256823,255022,252671,-580,-1801,-2351
476,41180,,29071,"Franklin County, MO",County or equivalent,104688,104853,105328,105879,165,475,551
476,41180,,29099,"Jefferson County, MO",County or equivalent,226572,226927,227934,229336,355,1007,1402
476,41180,,29113,"Lincoln County, MO",County or equivalent,59577,59849,61654,63155,272,1805,1501
476,41180,,29183,"St. Charles County, MO",County or equivalent,405262,406385,410511,413803,1123,4126,3292
476,41180,,29189,"St. Louis County, MO",County or equivalent,1004310,1003056,998227,990414,-1254,-4829,-7813
476,41180,,29219,"Warren County, MO",County or equivalent,35538,35740,36529,37260,202,789,731
476,41180,,29510,"St. Louis city, MO",County or equivalent,301574,300483,293562,286578,-1091,-6921,-6984
480,,,,"Salisbury-Cambridge, MD-DE",Combined Statistical Area,450574,452038,462426,471758,1464,10388,9332
480,15700,,,"Cambridge, MD",Micropolitan Statistical Area,32530,32528,32625,32726,-2,97,101
480,15700,,24019,"Dorchester County, MD",County or equivalent,32530,32528,32625,32726,-2,97,101
480,41540,,,"Salisbury, MD-DE",Metropolitan Statistical Area,418044,419510,429801,439032,1466,10291,9231
480,41540,,10005,"Sussex County, DE",County or equivalent,237380,238879,247722,255956,1499,8843,8234
480,41540,,24039,"Somerset County, MD",County or equivalent,24618,24564,24528,24546,-54,-36,18
480,41540,,24045,"Wicomico County, MD",County or equivalent,103586,103556,104181,104664,-30,625,483
480,41540,,24047,"Worcester County, MD",County or equivalent,52460,52511,53370,53866,51,859,496
482,,,,"Salt Lake City-Provo-Orem, UT",Combined Statistical Area,2701123,2710226,2746994,2774686,9103,36768,27692
482,25720,,,"Heber, UT",Micropolitan Statistical Area,77155,77545,79428,79655,390,1883,227
482,25720,,49043,"Summit County, UT",County or equivalent,42364,42482,43168,43036,118,686,-132
482,25720,,49051,"Wasatch County, UT",County or equivalent,34791,35063,36260,36619,272,1197,359
482,36260,,,"Ogden-Clearfield, UT",Metropolitan Statistical Area,694865,697045,706394,713839,2180,9349,7445
482,36260,,49003,"Box Elder County, UT",County or equivalent,57669,57946,59693,61498,277,1747,1805
482,36260,,49011,"Davis County, UT",County or equivalent,362689,363745,367446,369948,1056,3701,2502
482,36260,,49029,"Morgan County, UT",County or equivalent,12294,12381,12667,12832,87,286,165
482,36260,,49057,"Weber County, UT",County or equivalent,262213,262973,266588,269561,760,3615,2973
482,39340,,,"Provo-Orem, UT",Metropolitan Statistical Area,671170,675377,697998,715001,4207,22621,17003
482,39340,,49023,"Juab County, UT",County or equivalent,11778,11818,12192,12567,40,374,375
482,39340,,49049,"Utah County, UT",County or equivalent,659392,663559,685806,702434,4167,22247,16628
482,41620,,,"Salt Lake City, UT",Metropolitan Statistical Area,1257933,1260259,1263174,1266191,2326,2915,3017
482,41620,,49035,"Salt Lake County, UT",County or equivalent,1185236,1186921,1186440,1186257,1685,-481,-183
482,41620,,49045,"Tooele County, UT",County or equivalent,72697,73338,76734,79934,641,3396,3200
484,,,,"San Antonio-New Braunfels-Pearsall, TX",Combined Statistical Area,2576510,2586767,2622479,2673157,10257,35712,50678
484,37770,,,"Pearsall, TX",Micropolitan Statistical Area,18392,18409,17548,17815,17,-861,267
484,37770,,48163,"Frio County, TX",County or equivalent,18392,18409,17548,17815,17,-861,267
484,41700,,,"San Antonio-New Braunfels, TX",Metropolitan Statistical Area,2558118,2568358,2604931,2655342,10240,36573,50411
484,41700,,48013,"Atascosa County, TX",County or equivalent,48985,49134,49886,50864,149,752,978
484,41700,,48019,"Bandera County, TX",County or equivalent,20843,20992,21551,22115,149,559,564
484,41700,,48029,"Bexar County, TX",County or equivalent,2009322,2015369,2030895,2059530,6047,15526,28635
484,41700,,48091,"Comal County, TX",County or equivalent,161482,163640,174891,184642,2158,11251,9751
484,41700,,48187,"Guadalupe County, TX",County or equivalent,172709,173686,177254,182760,977,3568,5506
484,41700,,48259,"Kendall County, TX",County or equivalent,44281,44547,46851,48973,266,2304,2122
484,41700,,48325,"Medina County, TX",County or equivalent,50739,50939,52322,53723,200,1383,1401
484,41700,,48493,"Wilson County, TX",County or equivalent,49757,50051,51281,52735,294,1230,1454
488,,,,"San Jose-San Francisco-Oakland, CA",Combined Statistical Area,9714015,9700614,9526695,9482708,-13401,-173919,-43987
488,32900,,,"Merced, CA",Metropolitan Statistical Area,281202,281814,284458,290014,612,2644,5556
488,32900,,6047,"Merced County, CA",County or equivalent,281202,281814,284458,290014,612,2644,5556
488,33700,,,"Modesto, CA",Metropolitan Statistical Area,552880,553217,552851,551275,337,-366,-1576
488,33700,,6099,"Stanislaus County, CA",County or equivalent,552880,553217,552851,551275,337,-366,-1576
488,34900,,,"Napa, CA",Metropolitan Statistical Area,138024,137485,136206,134300,-539,-1279,-1906
488,34900,,6055,"Napa County, CA",County or equivalent,138024,137485,136206,134300,-539,-1279,-1906
488,41860,,,"San Francisco-Oakland-Berkeley, CA",Metropolitan Statistical Area,4748967,4740552,4616610,4579599,-8415,-123942,-37011
488,41860,36084,,"Oakland-Berkeley-Livermore, CA",Metropolitan Division,2848258,2846366,2807135,2785963,-1892,-39231,-21172
488,41860,36084,6001,"Alameda County, CA",County or equivalent,1682331,1680380,1643837,1628997,-1951,-36543,-14840
488,41860,36084,6013,"Contra Costa County, CA",County or equivalent,1165927,1165986,1163298,1156966,59,-2688,-6332
488,41860,41884,,"San Francisco-San Mateo-Redwood City, CA",Metropolitan Division,1638391,1632904,1550313,1537618,-5487,-82591,-12695
488,41860,41884,6075,"San Francisco County, CA",County or equivalent,873959,870393,811253,808437,-3566,-59140,-2816
488,41860,41884,6081,"San Mateo County, CA",County or equivalent,764432,762511,739060,729181,-1921,-23451,-9879
488,41860,42034,,"San Rafael, CA",Metropolitan Division,262318,261282,259162,256018,-1036,-2120,-3144
488,41860,42034,6041,"Marin County, CA",County or equivalent,262318,261282,259162,256018,-1036,-2120,-3144
488,41940,,,"San Jose-Sunnyvale-Santa Clara, CA",Metropolitan Statistical Area,2000481,1995547,1953270,1938524,-4934,-42277,-14746
488,41940,,6069,"San Benito County, CA",County or equivalent,64207,64521,66675,67579,314,2154,904
488,41940,,6085,"Santa Clara County, CA",County or equivalent,1936274,1931026,1886595,1870945,-5248,-44431,-15650
488,42100,,,"Santa Cruz-Watsonville, CA",Metropolitan Statistical Area,270869,270462,260495,264370,-407,-9967,3875
488,42100,,6087,"Santa Cruz County, CA",County or equivalent,270869,270462,260495,264370,-407,-9967,3875
488,42220,,,"Santa Rosa-Petaluma, CA",Metropolitan Statistical Area,488875,488281,484315,482650,-594,-3966,-1665
488,42220,,6097,"Sonoma County, CA",County or equivalent,488875,488281,484315,482650,-594,-3966,-1665
488,44700,,,"Stockton, CA",Metropolitan Statistical Area,779227,780558,788140,793229,1331,7582,5089
488,44700,,6077,"San Joaquin County, CA",County or equivalent,779227,780558,788140,793229,1331,7582,5089
488,46700,,,"Vallejo, CA",Metropolitan Statistical Area,453490,452698,450350,448747,-792,-2348,-1603
488,46700,,6095,"Solano County, CA",County or equivalent,453490,452698,450350,448747,-792,-2348,-1603
496,,,,"Savannah-Hinesville-Statesboro, GA",Combined Statistical Area,596010,596906,604181,618706,896,7275,14525
496,25980,,,"Hinesville, GA",Metropolitan Statistical Area,81432,81586,83933,86378,154,2347,2445
496,25980,,13179,"Liberty County, GA",County or equivalent,65274,65317,66844,68030,43,1527,1186
496,25980,,13183,"Long County, GA",County or equivalent,16158,16269,17089,18348,111,820,1259
496,27700,,,"Jesup, GA",Micropolitan Statistical Area,30144,30145,30246,30896,1,101,650
496,27700,,13305,"Wayne County, GA",County or equivalent,30144,30145,30246,30896,1,101,650
496,42340,,,"Savannah, GA",Metropolitan Statistical Area,404787,405257,409365,418373,470,4108,9008
496,42340,,13029,"Bryan County, GA",County or equivalent,44739,45035,46963,48225,296,1928,1262
496,42340,,13051,"Chatham County, GA",County or equivalent,295280,295064,295656,301107,-216,592,5451
496,42340,,13103,"Effingham County, GA",County or equivalent,64768,65158,66746,69041,390,1588,2295
496,44340,,,"Statesboro, GA",Micropolitan Statistical Area,79647,79918,80637,83059,271,719,2422
496,44340,,13031,"Bulloch County, GA",County or equivalent,79647,79918,80637,83059,271,719,2422
497,,,,"Scottsboro-Fort Payne, AL",Combined Statistical Area,124193,124193,124523,124889,0,330,366
497,22840,,,"Fort Payne, AL",Micropolitan Statistical Area,71611,71648,71829,71998,37,181,169
497,22840,,1049,"DeKalb County, AL",County or equivalent,71611,71648,71829,71998,37,181,169
497,42460,,,"Scottsboro, AL",Micropolitan Statistical Area,52582,52545,52694,52891,-37,149,197
497,42460,,1071,"Jackson County, AL",County or equivalent,52582,52545,52694,52891,-37,149,197
500,,,,"Seattle-Tacoma, WA",Combined Statistical Area,4953389,4964736,4961237,4982019,11347,-3499,20782
500,14740,,,"Bremerton-Silverdale-Port Orchard, WA",Metropolitan Statistical Area,275605,275802,276591,277673,197,789,1082
500,14740,,53035,"Kitsap County, WA",County or equivalent,275605,275802,276591,277673,197,789,1082
500,16500,,,"Centralia, WA",Micropolitan Statistical Area,82152,82556,84575,85370,404,2019,795
500,16500,,53041,"Lewis County, WA",County or equivalent,82152,82556,84575,85370,404,2019,795
500,34580,,,"Mount Vernon-Anacortes, WA",Metropolitan Statistical Area,129515,129884,130933,131179,369,1049,246
500,34580,,53057,"Skagit County, WA",County or equivalent,129515,129884,130933,131179,369,1049,246
500,36020,,,"Oak Harbor, WA",Micropolitan Statistical Area,86847,86990,87557,86625,143,567,-932
500,36020,,53029,"Island County, WA",County or equivalent,86847,86990,87557,86625,143,567,-932
500,36500,,,"Olympia-Lacey-Tumwater, WA",Metropolitan Statistical Area,294797,295988,298078,298758,1191,2090,680
500,36500,,53067,"Thurston County, WA",County or equivalent,294797,295988,298078,298758,1191,2090,680
500,42660,,,"Seattle-Tacoma-Bellevue, WA",Metropolitan Statistical Area,4018751,4027487,4016274,4034248,8736,-11213,17974
500,42660,42644,,"Seattle-Bellevue-Kent, WA",Metropolitan Division,3097614,3103963,3089075,3106868,6349,-14888,17793
500,42660,42644,53033,"King County, WA",County or equivalent,2269667,2274094,2253038,2266789,4427,-21056,13751
500,42660,42644,53061,"Snohomish County, WA",County or equivalent,827947,829869,836037,840079,1922,6168,4042
500,42660,45104,,"Tacoma-Lakewood, WA",Metropolitan Division,921137,923524,927199,927380,2387,3675,181
500,42660,45104,53053,"Pierce County, WA",County or equivalent,921137,923524,927199,927380,2387,3675,181
500,43220,,,"Shelton, WA",Micropolitan Statistical Area,65722,66029,67229,68166,307,1200,937
500,43220,,53045,"Mason County, WA",County or equivalent,65722,66029,67229,68166,307,1200,937
508,,,,"Shreveport-Bossier City-Minden, LA",Combined Statistical Area,430365,429358,425101,420797,-1007,-4257,-4304
508,33380,,,"Minden, LA",Micropolitan Statistical Area,36963,36875,36024,35643,-88,-851,-381
508,33380,,22119,"Webster Parish, LA",County or equivalent,36963,36875,36024,35643,-88,-851,-381
508,43340,,,"Shreveport-Bossier City, LA",Metropolitan Statistical Area,393402,392483,389077,385154,-919,-3406,-3923
508,43340,,22015,"Bossier Parish, LA",County or equivalent,128736,128717,129402,129276,-19,685,-126
508,43340,,22017,"Caddo Parish, LA",County or equivalent,237857,236928,232741,229025,-929,-4187,-3716
508,43340,,22031,"De Soto Parish, LA",County or equivalent,26809,26838,26934,26853,29,96,-81
515,,,,"South Bend-Elkhart-Mishawaka, IN-MI",Combined Statistical Area,812222,811619,810783,810585,-603,-836,-198
515,21140,,,"Elkhart-Goshen, IN",Metropolitan Statistical Area,207054,206983,207066,206890,-71,83,-176
515,21140,,18039,"Elkhart County, IN",County or equivalent,207054,206983,207066,206890,-71,83,-176
515,35660,,,"Niles, MI",Metropolitan Statistical Area,154320,154183,153377,152900,-137,-806,-477
515,35660,,26021,"Berrien County, MI",County or equivalent,154320,154183,153377,152900,-137,-806,-477
515,38500,,,"Plymouth, IN",Micropolitan Statistical Area,46096,46076,46175,46332,-20,99,157
515,38500,,18099,"Marshall County, IN",County or equivalent,46096,46076,46175,46332,-20,99,157
515,43780,,,"South Bend-Mishawaka, IN-MI",Metropolitan Statistical Area,324505,324222,323842,323637,-283,-380,-205
515,43780,,18141,"St. Joseph County, IN",County or equivalent,272914,272672,272341,272234,-242,-331,-107
515,43780,,26027,"Cass County, MI",County or equivalent,51591,51550,51501,51403,-41,-49,-98
515,47700,,,"Warsaw, IN",Micropolitan Statistical Area,80247,80155,80323,80826,-92,168,503
515,47700,,18085,"Kosciusko County, IN",County or equivalent,80247,80155,80323,80826,-92,168,503
517,,,,"Spencer-Spirit Lake, IA",Combined Statistical Area,34085,34101,34280,34503,16,179,223
517,43980,,,"Spencer, IA",Micropolitan Statistical Area,16381,16335,16428,16475,-46,93,47
517,43980,,19041,"Clay County, IA",County or equivalent,16381,16335,16428,16475,-46,93,47
517,44020,,,"Spirit Lake, IA",Micropolitan Statistical Area,17704,17766,17852,18028,62,86,176
517,44020,,19059,"Dickinson County, IA",County or equivalent,17704,17766,17852,18028,62,86,176
518,,,,"Spokane-Spokane Valley-Coeur d'Alene, WA-ID",Combined Statistical Area,757156,760502,773197,781497,3346,12695,8300
518,17660,,,"Coeur d'Alene, ID",Metropolitan Statistical Area,171374,172790,180146,183578,1416,7356,3432
518,17660,,16055,"Kootenai County, ID",County or equivalent,171374,172790,180146,183578,1416,7356,3432
518,44060,,,"Spokane-Spokane Valley, WA",Metropolitan Statistical Area,585782,587712,593051,597919,1930,5339,4868
518,44060,,53063,"Spokane County, WA",County or equivalent,539332,541125,545498,549690,1793,4373,4192
518,44060,,53065,"Stevens County, WA",County or equivalent,46450,46587,47553,48229,137,966,676
522,,,,"Springfield-Jacksonville-Lincoln, IL",Combined Statistical Area,308515,308021,306751,304681,-494,-1270,-2070
522,27300,,,"Jacksonville, IL",Micropolitan Statistical Area,37864,37779,37454,36999,-85,-325,-455
522,27300,,17137,"Morgan County, IL",County or equivalent,32917,32838,32599,32209,-79,-239,-390
522,27300,,17171,"Scott County, IL",County or equivalent,4947,4941,4855,4790,-6,-86,-65
522,30660,,,"Lincoln, IL",Micropolitan Statistical Area,27986,27899,27970,27591,-87,71,-379
522,30660,,17107,"Logan County, IL",County or equivalent,27986,27899,27970,27591,-87,71,-379
522,44100,,,"Springfield, IL",Metropolitan Statistical Area,208634,208393,207606,206655,-241,-787,-951
522,44100,,17129,"Menard County, IL",County or equivalent,12296,12271,12184,12121,-25,-87,-63
522,44100,,17167,"Sangamon County, IL",County or equivalent,196338,196122,195422,194534,-216,-700,-888
522,45380,,,"Taylorville, IL",Micropolitan Statistical Area,34031,33950,33721,33436,-81,-229,-285
522,45380,,17021,"Christian County, IL",County or equivalent,34031,33950,33721,33436,-81,-229,-285
524,,,,"State College-DuBois, PA",Combined Statistical Area,238727,238400,236323,236329,-327,-2077,6
524,20180,,,"DuBois, PA",Micropolitan Statistical Area,80564,80438,78333,77904,-126,-2105,-429
524,20180,,42033,"Clearfield County, PA",County or equivalent,80564,80438,78333,77904,-126,-2105,-429
524,44300,,,"State College, PA",Metropolitan Statistical Area,158163,157962,157990,158425,-201,28,435
524,44300,,42027,"Centre County, PA",County or equivalent,158163,157962,157990,158425,-201,28,435
525,,,,"Steamboat Springs-Craig, CO",Combined Statistical Area,38115,38093,38211,38184,-22,118,-27
525,18780,,,"Craig, CO",Micropolitan Statistical Area,13291,13264,13155,13177,-27,-109,22
525,18780,,8081,"Moffat County, CO",County or equivalent,13291,13264,13155,13177,-27,-109,22
525,44460,,,"Steamboat Springs, CO",Micropolitan Statistical Area,24824,24829,25056,25007,5,227,-49
525,44460,,8107,"Routt County, CO",County or equivalent,24824,24829,25056,25007,5,227,-49
532,,,,"Syracuse-Auburn, NY",Combined Statistical Area,738307,735881,733406,728631,-2426,-2475,-4775
532,12180,,,"Auburn, NY",Micropolitan Statistical Area,76251,76198,75791,74998,-53,-407,-793
532,12180,,36011,"Cayuga County, NY",County or equivalent,76251,76198,75791,74998,-53,-407,-793
532,45060,,,"Syracuse, NY",Metropolitan Statistical Area,662056,659683,657615,653633,-2373,-2068,-3982
532,45060,,36053,"Madison County, NY",County or equivalent,68012,67927,67397,67097,-85,-530,-300
532,45060,,36067,"Onondaga County, NY",County or equivalent,476511,474316,472094,468249,-2195,-2222,-3845
532,45060,,36075,"Oswego County, NY",County or equivalent,117533,117440,118124,118287,-93,684,163
534,,,,"Toledo-Findlay-Tiffin, OH",Combined Statistical Area,835498,834858,830812,828544,-640,-4046,-2268
534,22300,,,"Findlay, OH",Micropolitan Statistical Area,74926,74930,74775,74861,4,-155,86
534,22300,,39063,"Hancock County, OH",County or equivalent,74926,74930,74775,74861,4,-155,86
534,23380,,,"Fremont, OH",Micropolitan Statistical Area,58900,58865,58763,58667,-35,-102,-96
534,23380,,39143,"Sandusky County, OH",County or equivalent,58900,58865,58763,58667,-35,-102,-96
534,45660,,,"Tiffin, OH",Micropolitan Statistical Area,55080,55051,54954,54632,-29,-97,-322
534,45660,,39147,"Seneca County, OH",County or equivalent,55080,55051,54954,54632,-29,-97,-322
534,45780,,,"Toledo, OH",Metropolitan Statistical Area,646592,646012,642320,640384,-580,-3692,-1936
534,45780,,39051,"Fulton County, OH",County or equivalent,42713,42643,42473,42171,-70,-170,-302
534,45780,,39095,"Lucas County, OH",County or equivalent,431273,430834,429360,426643,-439,-1474,-2717
534,45780,,39123,"Ottawa County, OH",County or equivalent,40355,40287,40156,39978,-68,-131,-178
534,45780,,39173,"Wood County, OH",County or equivalent,132251,132248,130331,131592,-3,-1917,1261
536,,,,"Tucson-Nogales, AZ",Combined Statistical Area,1091099,1092880,1096929,1106356,1781,4049,9427
536,35700,,,"Nogales, AZ",Micropolitan Statistical Area,47665,47705,48034,48759,40,329,725
536,35700,,4023,"Santa Cruz County, AZ",County or equivalent,47665,47705,48034,48759,40,329,725
536,46060,,,"Tucson, AZ",Metropolitan Statistical Area,1043434,1045175,1048895,1057597,1741,3720,8702
536,46060,,4019,"Pima County, AZ",County or equivalent,1043434,1045175,1048895,1057597,1741,3720,8702
538,,,,"Tulsa-Muskogee-Bartlesville, OK",Combined Statistical Area,1134132,1136117,1144709,1153719,1985,8592,9010
538,12780,,,"Bartlesville, OK",Micropolitan Statistical Area,52452,52604,52857,53242,152,253,385
538,12780,,40147,"Washington County, OK",County or equivalent,52452,52604,52857,53242,152,253,385
538,34780,,,"Muskogee, OK",Micropolitan Statistical Area,66344,66241,66255,66354,-103,14,99
538,34780,,40101,"Muskogee County, OK",County or equivalent,66344,66241,66255,66354,-103,14,99
538,46140,,,"Tulsa, OK",Metropolitan Statistical Area,1015336,1017272,1025597,1034123,1936,8325,8526
538,46140,,40037,"Creek County, OK",County or equivalent,71753,71837,72186,72699,84,349,513
538,46140,,40111,"Okmulgee County, OK",County or equivalent,36706,36686,36827,36990,-20,141,163
538,46140,,40113,"Osage County, OK",County or equivalent,45823,45778,45868,45839,-45,90,-29
538,46140,,40117,"Pawnee County, OK",County or equivalent,15551,15552,15761,15757,1,209,-4
538,46140,,40131,"Rogers County, OK",County or equivalent,95245,95387,96796,98836,142,1409,2040
538,46140,,40143,"Tulsa County, OK",County or equivalent,669272,670653,673961,677358,1381,3308,3397
538,46140,,40145,"Wagoner County, OK",County or equivalent,80986,81379,84198,86644,393,2819,2446
539,,,,"Tupelo-Corinth, MS",Combined Statistical Area,198143,198055,197595,197247,-88,-460,-348
539,18420,,,"Corinth, MS",Micropolitan Statistical Area,34743,34727,34429,34204,-16,-298,-225
539,18420,,28003,"Alcorn County, MS",County or equivalent,34743,34727,34429,34204,-16,-298,-225
539,46180,,,"Tupelo, MS",Micropolitan Statistical Area,163400,163328,163166,163043,-72,-162,-123
539,46180,,28057,"Itawamba County, MS",County or equivalent,23861,23862,23866,23903,1,4,37
539,46180,,28081,"Lee County, MS",County or equivalent,83347,83310,83043,82959,-37,-267,-84
539,46180,,28115,"Pontotoc County, MS",County or equivalent,31192,31194,31336,31389,2,142,53
539,46180,,28117,"Prentiss County, MS",County or equivalent,25000,24962,24921,24792,-38,-41,-129
540,,,,"Tyler-Jacksonville, TX",Combined Statistical Area,283895,284683,288277,293567,788,3594,5290
540,27380,,,"Jacksonville, TX",Micropolitan Statistical Area,50411,50488,51163,51645,77,675,482
540,27380,,48073,"Cherokee County, TX",County or equivalent,50411,50488,51163,51645,77,675,482
540,46340,,,"Tyler, TX",Metropolitan Statistical Area,233484,234195,237114,241922,711,2919,4808
540,46340,,48423,"Smith County, TX",County or equivalent,233484,234195,237114,241922,711,2919,4808
544,,,,"Victoria-Port Lavaca, TX",Combined Statistical Area,118443,118387,117841,117902,-56,-546,61
544,38920,,,"Port Lavaca, TX",Micropolitan Statistical Area,20105,20063,19798,19706,-42,-265,-92
544,38920,,48057,"Calhoun County, TX",County or equivalent,20105,20063,19798,19706,-42,-265,-92
544,47020,,,"Victoria, TX",Metropolitan Statistical Area,98338,98324,98043,98196,-14,-281,153
544,47020,,48175,"Goliad County, TX",County or equivalent,7018,7021,7146,7131,3,125,-15
544,47020,,48469,"Victoria County, TX",County or equivalent,91320,91303,90897,91065,-17,-406,168
545,,,,"Virginia Beach-Norfolk, VA-NC",Combined Statistical Area,1890167,1891715,1897323,1898944,1548,5608,1621
545,21020,,,"Elizabeth City, NC",Micropolitan Statistical Area,53574,53593,53872,54148,19,279,276
545,21020,,37139,"Pasquotank County, NC",County or equivalent,40568,40577,40746,40938,9,169,192
545,21020,,37143,"Perquimans County, NC",County or equivalent,13006,13016,13126,13210,10,110,84
545,28620,,,"Kill Devil Hills, NC",Micropolitan Statistical Area,36910,37032,37889,37956,122,857,67
545,28620,,37055,"Dare County, NC",County or equivalent,36910,37032,37889,37956,122,857,67
545,47260,,,"Virginia Beach-Norfolk-Newport News, VA-NC",Metropolitan Statistical Area,1799683,1801090,1805562,1806840,1407,4472,1278
545,47260,,37029,"Camden County, NC",County or equivalent,10357,10407,10816,11088,50,409,272
545,47260,,37053,"Currituck County, NC",County or equivalent,28103,28401,29714,31015,298,1313,1301
545,47260,,37073,"Gates County, NC",County or equivalent,10475,10448,10403,10383,-27,-45,-20
545,47260,,51073,"Gloucester County, VA",County or equivalent,38716,38718,39131,39493,2,413,362
545,47260,,51093,"Isle of Wight County, VA",County or equivalent,38610,38702,39393,40151,92,691,758
545,47260,,51095,"James City County, VA",County or equivalent,78255,78478,79914,81199,223,1436,1285
545,47260,,51115,"Mathews County, VA",County or equivalent,8535,8520,8545,8490,-15,25,-55
545,47260,,51175,"Southampton County, VA",County or equivalent,18001,17952,18037,17932,-49,85,-105
545,47260,,51199,"York County, VA",County or equivalent,70055,70228,71176,71341,173,948,165
545,47260,,51550,"Chesapeake city, VA",County or equivalent,249415,249803,251739,252488,388,1936,749
545,47260,,51620,"Franklin city, VA",County or equivalent,8179,8149,8128,8247,-30,-21,119
545,47260,,51650,"Hampton city, VA",County or equivalent,137158,137276,137847,138037,118,571,190
545,47260,,51700,"Newport News city, VA",County or equivalent,186243,186033,184764,184306,-210,-1269,-458
545,47260,,51710,"Norfolk city, VA",County or equivalent,238001,237738,235025,232995,-263,-2713,-2030
545,47260,,51735,"Poquoson city, VA",County or equivalent,12455,12472,12609,12582,17,137,-27
545,47260,,51740,"Portsmouth city, VA",County or equivalent,97915,97954,97638,97029,39,-316,-609
545,47260,,51800,"Suffolk city, VA",County or equivalent,94326,94697,96328,98537,371,1631,2209
545,47260,,51810,"Virginia Beach city, VA",County or equivalent,459471,459646,458680,455618,175,-966,-3062
545,47260,,51830,"Williamsburg city, VA",County or equivalent,15413,15468,15675,15909,55,207,234
548,,,,"Washington-Baltimore-Arlington, DC-MD-VA-WV-PA",Combined Statistical Area,9973445,9953975,9961484,9968104,-19470,7509,6620
548,12580,,,"Baltimore-Columbia-Towson, MD",Metropolitan Statistical Area,2844513,2842463,2843354,2835672,-2050,891,-7682
548,12580,,24003,"Anne Arundel County, MD",County or equivalent,588265,589054,592052,593286,789,2998,1234
548,12580,,24005,"Baltimore County, MD",County or equivalent,854554,853325,850634,846161,-1229,-2691,-4473
548,12580,,24013,"Carroll County, MD",County or equivalent,172890,172923,174208,175305,33,1285,1097
548,12580,,24025,"Harford County, MD",County or equivalent,260924,261213,263292,263867,289,2079,575
548,12580,,24027,"Howard County, MD",County or equivalent,332316,332786,335287,335411,470,2501,124
548,12580,,24035,"Queen Anne's County, MD",County or equivalent,49871,50023,50900,51711,152,877,811
548,12580,,24510,"Baltimore city, MD",County or equivalent,585693,583139,576981,569931,-2554,-6158,-7050
548,15680,,,"California-Lexington Park, MD",Metropolitan Statistical Area,113775,113987,114664,114877,212,677,213
548,15680,,24037,"St. Mary's County, MD",County or equivalent,113775,113987,114664,114877,212,677,213
548,16540,,,"Chambersburg-Waynesboro, PA",Metropolitan Statistical Area,155950,155939,156589,156902,-11,650,313
548,16540,,42055,"Franklin County, PA",County or equivalent,155950,155939,156589,156902,-11,650,313
548,20660,,,"Easton, MD",Micropolitan Statistical Area,37520,37481,37796,37932,-39,315,136
548,20660,,24041,"Talbot County, MD",County or equivalent,37520,37481,37796,37932,-39,315,136
548,25180,,,"Hagerstown-Martinsburg, MD-WV",Metropolitan Statistical Area,293854,294455,298671,302510,601,4216,3839
548,25180,,24043,"Washington County, MD",County or equivalent,154709,154677,155197,155590,-32,520,393
548,25180,,54003,"Berkeley County, WV",County or equivalent,122078,122691,126194,129490,613,3503,3296
548,25180,,54065,"Morgan County, WV",County or equivalent,17067,17087,17280,17430,20,193,150
548,47900,,,"Washington-Arlington-Alexandria, DC-VA-MD-WV",Metropolitan Statistical Area,6385198,6366679,6364907,6373756,-18519,-1772,8849
548,47900,23224,,"Frederick-Gaithersburg-Rockville, MD",Metropolitan Division,1333763,1333590,1336334,1339600,-173,2744,3266
548,47900,23224,24021,"Frederick County, MD",County or equivalent,271709,272765,280410,287079,1056,7645,6669
548,47900,23224,24031,"Montgomery County, MD",County or equivalent,1062054,1060825,1055924,1052521,-1229,-4901,-3403
548,47900,47894,,"Washington-Arlington-Alexandria, DC-VA-MD-WV",Metropolitan Division,5051435,5033089,5028573,5034156,-18346,-4516,5583
548,47900,47894,11001,"District of Columbia, DC",County or equivalent,689546,670868,668791,671803,-18678,-2077,3012
548,47900,47894,24009,"Calvert County, MD",County or equivalent,92785,92905,94226,94573,120,1321,347
548,47900,47894,24017,"Charles County, MD",County or equivalent,166621,166726,168870,170102,105,2144,1232
548,47900,47894,24033,"Prince George's County, MD",County or equivalent,967194,965290,956254,946971,-1904,-9036,-9283
548,47900,47894,51013,"Arlington County, VA",County or equivalent,238644,238799,233574,234000,155,-5225,426
548,47900,47894,51043,"Clarke County, VA",County or equivalent,14787,14813,14916,15266,26,103,350
548,47900,47894,51047,"Culpeper County, VA",County or equivalent,52554,52766,53785,54381,212,1019,596
548,47900,47894,51059,"Fairfax County, VA",County or equivalent,1150305,1148558,1141645,1138331,-1747,-6913,-3314
548,47900,47894,51061,"Fauquier County, VA",County or equivalent,72956,72990,74022,74664,34,1032,642
548,47900,47894,51107,"Loudoun County, VA",County or equivalent,420955,422669,428435,432085,1714,5766,3650
548,47900,47894,51113,"Madison County, VA",County or equivalent,13842,13860,13950,14000,18,90,50
548,47900,47894,51153,"Prince William County, VA",County or equivalent,482198,482790,485205,486943,592,2415,1738
548,47900,47894,51157,"Rappahannock County, VA",County or equivalent,7350,7321,7437,7502,-29,116,65
548,47900,47894,51177,"Spotsylvania County, VA",County or equivalent,140094,140594,143957,146688,500,3363,2731
548,47900,47894,51179,"Stafford County, VA",County or equivalent,156937,157746,161584,163380,809,3838,1796
548,47900,47894,51187,"Warren County, VA",County or equivalent,40724,40786,40957,41440,62,171,483
548,47900,47894,51510,"Alexandria city, VA",County or equivalent,159461,159125,155203,155525,-336,-3922,322
548,47900,47894,51600,"Fairfax city, VA",County or equivalent,24148,24175,24391,24835,27,216,444
548,47900,47894,51610,"Falls Church city, VA",County or equivalent,14658,14677,14546,14586,19,-131,40
548,47900,47894,51630,"Fredericksburg city, VA",County or equivalent,27979,27995,28458,28757,16,463,299
548,47900,47894,51683,"Manassas city, VA",County or equivalent,42773,42692,42765,42642,-81,73,-123
548,47900,47894,51685,"Manassas Park city, VA",County or equivalent,17217,17161,17082,16703,-56,-79,-379
548,47900,47894,54037,"Jefferson County, WV",County or equivalent,57707,57783,58520,58979,76,737,459
548,49020,,,"Winchester, VA-WV",Metropolitan Statistical Area,142635,142971,145503,146455,336,2532,952
548,49020,,51069,"Frederick County, VA",County or equivalent,91421,91865,94014,95051,444,2149,1037
548,49020,,51840,"Winchester city, VA",County or equivalent,28122,28009,28115,27936,-113,106,-179
548,49020,,54027,"Hampshire County, WV",County or equivalent,23092,23097,23374,23468,5,277,94
554,,,,"Wausau-Stevens Point-Wisconsin Rapids, WI",Combined Statistical Area,311022,311075,309713,311045,53,-1362,1332
554,44620,,,"Stevens Point, WI",Micropolitan Statistical Area,70376,70402,69429,70718,26,-973,1289
554,44620,,55097,"Portage County, WI",County or equivalent,70376,70402,69429,70718,26,-973,1289
554,48140,,,"Wausau-Weston, WI",Metropolitan Statistical Area,166428,166476,166199,166334,48,-277,135
554,48140,,55069,"Lincoln County, WI",County or equivalent,28421,28429,28453,28376,8,24,-77
554,48140,,55073,"Marathon County, WI",County or equivalent,138007,138047,137746,137958,40,-301,212
554,49220,,,"Wisconsin Rapids-Marshfield, WI",Micropolitan Statistical Area,74218,74197,74085,73993,-21,-112,-92
554,49220,,55141,"Wood County, WI",County or equivalent,74218,74197,74085,73993,-21,-112,-92
556,,,,"Wichita-Winfield, KS",Combined Statistical Area,682186,683040,683304,684492,854,264,1188
556,48620,,,"Wichita, KS",Metropolitan Statistical Area,647639,648516,648652,650039,877,136,1387
556,48620,,20015,"Butler County, KS",County or equivalent,67383,67390,67958,68240,7,568,282
556,48620,,20079,"Harvey County, KS",County or equivalent,34034,33998,33827,33801,-36,-171,-26
556,48620,,20173,"Sedgwick County, KS",County or equivalent,523830,524786,524481,525525,956,-305,1044
556,48620,,20191,"Sumner County, KS",County or equivalent,22392,22342,22386,22473,-50,44,87
556,49060,,,"Winfield, KS",Micropolitan Statistical Area,34547,34524,34652,34453,-23,128,-199
556,49060,,20035,"Cowley County, KS",County or equivalent,34547,34524,34652,34453,-23,128,-199
558,,,,"Williamsport-Lock Haven, PA",Combined Statistical Area,151638,151488,151630,151035,-150,142,-595
558,30820,,,"Lock Haven, PA",Micropolitan Statistical Area,37456,37380,38035,37931,-76,655,-104
558,30820,,42035,"Clinton County, PA",County or equivalent,37456,37380,38035,37931,-76,655,-104
558,48700,,,"Williamsport, PA",Metropolitan Statistical Area,114182,114108,113595,113104,-74,-513,-491
558,48700,,42081,"Lycoming County, PA",County or equivalent,114182,114108,113595,113104,-74,-513,-491
566,,,,"Youngstown-Warren, OH-PA",Combined Statistical Area,643219,641845,639087,636010,-1374,-2758,-3077
566,41400,,,"Salem, OH",Micropolitan Statistical Area,101873,101634,101250,100511,-239,-384,-739
566,41400,,39029,"Columbiana County, OH",County or equivalent,101873,101634,101250,100511,-239,-384,-739
566,49660,,,"Youngstown-Warren-Boardman, OH-PA",Metropolitan Statistical Area,541346,540211,537837,535499,-1135,-2374,-2338
566,49660,,39099,"Mahoning County, OH",County or equivalent,228621,228005,226443,225636,-616,-1562,-807
566,49660,,39155,"Trumbull County, OH",County or equivalent,202069,201672,201444,200643,-397,-228,-801
566,49660,,42085,"Mercer County, PA",County or equivalent,110656,110534,109950,109220,-122,-584,-730
